 2 0.03738376198962013 0.03738376198962013 0.21738698444023155
 4 0.049753882891355156 0.012370120901735029 0.27229606285438657
 5 0.06212400379309019 0.012370120901735029 0.9036415172072659
 7 0.06828769965354603 0.006163695860455846 0.28899695649089063
 8 0.07445139551400187 0.006163695860455846 0.164445659616542
 9 0.08143337739994104 0.0069819818859391675 0.29565965336474265
 10 0.08818053367532214 0.006747156275381092 0.16214852498245946
 11 0.09585959716449584 0.007679063489173706 0.2618061663316457
 12 0.10342932357248949 0.007569726407993654 0.37234212079718154
 13 0.11078954832256702 0.0073602247500775195 0.4259658326661302
 14 0.11803010342863231 0.00724055510606529 0.2675981229762948
 15 0.12586094893720112 0.007830845508568815 0.47975866773351866
 17 0.13145029353620208 0.0055893445990009465 0.3153926589464554
 18 0.13703963813520303 0.0055893445990009465 0.42654903075284434
 19 0.14244630708401224 0.005406668948809203 0.09045428998447977
 20 0.149504312150105 0.007058005066092777 0.23529135804679854
 21 0.15619123613159616 0.006686923981491143 0.0950542623618374
 22 0.16435421441203418 0.008162978280438007 0.146072576668542
 23 0.1728025621569332 0.008448347744899026 0.3591027780464308
 24 0.18060104675577793 0.007798484598844729 0.556744107235921
 26 0.18606032425942945 0.005459277503651534 0.30875709253012257
 27 0.19151960176308097 0.005459277503651534 0.4198503039669856
 28 0.1968038542534345 0.005284252490353523 0.08129302799958178
 29 0.20381831555782298 0.007014461304388496 0.2281260217825543
 30 0.2104291057869504 0.006610790229127427 0.12427430373300309
 31 0.21810889091271088 0.007679785125760469 0.5149556876538234
 32 0.22465961954837335 0.00655072863566246 0.20307812334104067
 33 0.23223548635464575 0.007575866806272404 0.5190369719102533
 34 0.2390121121078813 0.006776625753235579 0.36068143943434944
 35 0.24610723748025515 0.007095125372373821 0.5083407379716556
 36 0.2528529353751052 0.0067456978948500545 0.6698401600189992
 37 0.25917754626136674 0.006324610886261515 0.3193302605815672
 38 0.2661163670576038 0.006938820796237025 0.551887383340031
 39 0.27254071102727856 0.006424343969674781 0.3243424121213007
 40 0.27943519790933263 0.006894486882054094 0.8112700060603442
 41 0.28541275524177206 0.005977557332439442 0.1845487640350847
 42 0.29276530497965414 0.007352549737882079 0.4392550943954338
 43 0.2994722927717211 0.006706987792066957 0.2299887901105032
 44 0.3069433048477325 0.007471012076011401 0.586979136819111
 45 0.31356589698332477 0.0066225921355922346 0.9196474663460676
 46 0.31952559022383753 0.00595969324051276 0.25249992735671023
 47 0.3265553290550033 0.007029738831165757 0.508215536316278
 48 0.3330052749136054 0.006449945858602072 0.16282117029913243
 49 0.3407462509787524 0.007740976065147026 0.3087818916932041
 50 0.3481628964171447 0.00741664543839232 0.7679069415783183
 51 0.3546233036995775 0.006460407282432805 0.6479432105103622
 52 0.360972210877834 0.0063489071782564755 0.2864714762872994
 53 0.3680474600061757 0.007075249128341721 0.6099451039422327
 54 0.37441528657282575 0.0063678265666500524 0.5450074643298121
 55 0.3807187161697322 0.006303429596906413 0.352092420664026
 56 0.38737869775051803 0.0066599815807858245 0.24886067632187103
 57 0.39453616385343626 0.0071574661029182385 0.4506182339918651
 58 0.4012330929181744 0.00669692906473814 0.25581012878562565
 59 0.4085743180292839 0.007341225111109541 0.36221738942388265
 60 0.4157302842373962 0.0071559662081123404 0.31302212580345873
 61 0.4231393769300572 0.007409092692661005 0.2916062617478255
 62 0.43079373560587475 0.007654358675817515 0.39954651838324545
 63 0.43822464781988274 0.007430912214007987 0.6779726976226742
 65 0.44314128365314537 0.004916635833262631 0.29961182549879367
 66 0.448057919486408 0.004916635833262631 0.12465642136133272
 67 0.45392311172639466 0.005865192239986676 0.10058622065274084
 68 0.46057979626926054 0.006656684542865882 0.134401715565528
 69 0.46760990315339507 0.007030106884134511 0.07529615765960357
 70 0.4760635349237248 0.008453631770329725 0.1909447558403334
 71 0.4842197821940328 0.008156247270308012 0.42435413283740675
 72 0.49173039172795446 0.007510609533921674 0.5458344765869829
 74 0.4969861010173342 0.005255709289379743 0.3550946995818425
 75 0.502241810306714 0.005255709289379743 0.1077796142209334
 76 0.5087802419549144 0.006538431648200417 0.1676441228971524
 77 0.5154696217343525 0.006689379779438041 0.21304665834644715
 78 0.5223287358555463 0.00685911412119377 0.09955477460012926
 79 0.5305538580690893 0.008225122213543 0.3885488899724275
 80 0.5377616269085287 0.007207768839439401 0.21852971428102128
 81 0.5457639183275783 0.008002291419049661 0.2430954286124364
 83 0.5522206716232693 0.006456753295690955 0.3771159197789521
 84 0.558438484836542 0.00621781321327276 0.24234028799735116
 85 0.5651980014639214 0.006759516627379391 0.1726244431291728
 86 0.5726582916672635 0.007460290203342077 0.36349325555003775
 87 0.5796456968800241 0.00698740521276065 0.15947049096993762
 88 0.5877868012959855 0.008141104415961352 0.2891759591950496
 89 0.5956604547975116 0.007873653501526103 0.593505019392958
 90 0.602787415717056 0.007126960919544313 0.6267436115252291
 91 0.6096531173914296 0.006865701674373603 0.3972341257040978
 92 0.6168556245116086 0.007202507120179021 0.863785460020304
 93 0.6231583021940855 0.006302677682476912 0.34043274775880394
 94 0.630171893747768 0.007013591553682506 0.25851717180978273
 95 0.6376342510796259 0.007462357331857859 0.33755901938345007
 96 0.6450063446921168 0.007372093612490884 0.33665421154705727
 97 0.6524896846920201 0.007483339999903289 0.6249164426011484
 98 0.6593052251427122 0.006815540450692094 0.5321377316870357
 99 0.6660965621673932 0.006791337024681073 0.32140834247754085
 100 0.6733699641842599 0.007273402016866604 0.8060963337445924
 101 0.6796773666289793 0.006307402444719438 0.27900066132554585
 102 0.6868940948340145 0.007216728205035282 0.43155531527185764
 103 0.6937758668674701 0.006881772033455518 0.27540889615104636
 104 0.7011910031129259 0.007415136245455897 0.26980129001596026
 105 0.7088577275981905 0.007666724485264615 0.27787994520999537
 106 0.7167275618995087 0.007869834301318202 0.7051205468622065
 107 0.7236127114939854 0.006885149594476714 0.4116980400960691
 108 0.7308756063393205 0.007262894845335093 0.3461318947724859
 109 0.7383594784883494 0.007483872149028934 0.801220924700115
 110 0.744904374345582 0.0065448958572325595 0.21020361423503164
 111 0.7527657185457404 0.007861344200158427 0.5826264938212213
 112 0.7596811029740456 0.006915384428305153 0.8015492310222672
 113 0.7660507283041532 0.006369625330107618 0.4862525060246499
 114 0.7726611808866158 0.006610452582462628 0.3351436876752158
 115 0.7796262212909696 0.006965040404353707 0.17846419769362074
 116 0.7875198463844404 0.0078936250934708 0.2632940067089621
 117 0.7953682519806083 0.007848405596167967 0.6026443697341852
 118 0.8023874842482298 0.00701923226762146 0.41555380380307977
 119 0.8096646324084371 0.007277148160207325 0.47732321805195793
 120 0.8167597455038355 0.007095113095398351 0.739199946818383
 121 0.8232574184705548 0.00649767296671933 0.3979203934409305
 122 0.8301850832057343 0.00692766473517947 0.4641793768913345
 123 0.836943173648122 0.0067580904423877 0.3246150329784575
 124 0.844070464353436 0.007127290705314063 0.22806278126689108
 125 0.8517850053916278 0.007714541038191827 0.5967705817083512
 126 0.8585980576681329 0.006813052276505103 0.3854460579682263
 127 0.8657479854724602 0.007149927804327289 0.30456815627748124
 128 0.8732327247414753 0.007484739269015009 0.14693902399746747
 129 0.8819241738763234 0.008691449134848053 0.395778608364039
 130 0.8898165857929701 0.007892411916646651 0.4854285557756242
 131 0.897451626165183 0.007635040372212915 0.6725134364450305
 132 0.9045722013232789 0.007120575158095817 0.6787432691774912
 133 0.9114218101832731 0.006849608859994151 0.5841099281895592
 134 0.918192405012778 0.006770594829504918 0.8595615917944285
 135 0.9243545751524238 0.006162170139645844 0.40872890819487073
 136 0.9309931012427167 0.006638526090292925 0.4214022748192744
 137 0.9375973017440604 0.00660420050134366 0.2218174288145553
 138 0.9449698322180917 0.007372530474031279 0.2667122077792959
 139 0.952444390593351 0.007474558375259211 0.473804366731615
 140 0.9594250776896525 0.00698068709630153 0.4294579104461717
 141 0.9664497158464666 0.007024638156814131 0.29849099979164095
 142 0.9739094259112958 0.007459710064829263 0.18984032159833972
 143 0.9821770848454604 0.008267658934164576 0.5083051502734505
 144 0.9895498116556334 0.007372726810172927 0.4830707475887516
 145 0.9947749058278167 0.005225094172183309 0.11862072130856952
 146 1.0 0.005225094172183309 0.03437867735960547
