 0 1.0 1.0 1376.024546667815
 2 0.3887410887988858 0.1943705443994429 27569.605841827004
 3 0.2195137650063692 0.025143220606926312 140.90031172934812
 7 0.2265524363163163 0.008598135734797467 1.2797854559942947
 24 0.3381705824692971 0.0076536929052551965 1.2698274189311225
 28 0.3579753495197724 0.007200107875779944 1.1191484681755242
 33 0.3855058463021464 0.007593288461433385 1.148832708771789
 39 0.4195083177035944 0.007915934962063392 1.13456128303321
 46 0.45972633765751025 0.007675790847212543 1.174273644077676
 51 0.48716360625052174 0.007303102007493421 1.198968127129121
 57 0.5216370967649043 0.008386693598160584 2.6751231448778428
 61 0.540713877324309 0.00872280561683575 1.137950114692518
 64 0.5542399841027049 0.007043926500915802 1.123387688080759
 73 0.6092060083452546 0.007617193419804908 1.1533564546279091
 78 0.6370834348623933 0.007404709372176982 1.238667696254495
 85 0.6782529056504829 0.006909457286991922 1.3811654639244857
 90 0.7066672031713888 0.008563628574490648 2.318990933932452
 95 0.7354089941770684 0.008678443970790796 2.4023297714082648
 105 0.7965929182697961 0.007877344275565681 1.1842368577209823
 111 0.8327288244115355 0.00817695140083389 1.5136689237345302
 117 0.8695094815359055 0.009255005006140973 3.233221441509612
 121 0.888752202973865 0.008349636684455852 1.0856150613290108
