 0 1.0 1.0 459669.9490452471
 1 0.09743472990652569 0.09743472990652569 23.486537808237557
 3 0.07476752397924026 0.03738376198962013 47.48083641066912
 6 0.07420157431448343 0.012077570521393242 7.321102785248595
 13 0.11279450492938337 0.008369031943275573 1.2653522587535668
 18 0.13891529326508906 0.00785172352299227 1.1714394991571386
 24 0.17475614607649625 0.009525143014648853 1.0180913024584772
 27 0.18803891712318863 0.007622533771594902 1.035489130601234
 34 0.22805814156852539 0.008554492708212772 1.2512579692393895
 40 0.26225362358627197 0.007560137977538114 1.4027763552014865
 48 0.30902965314391756 0.008325570837403118 1.8746081663884062
 55 0.35001533180362554 0.009559619703541238 2.8321959017276126
 62 0.3892691153133779 0.0085543339881174 1.0894782906355498
 71 0.4452436721357034 0.007293245308463337 2.79398340100175
 78 0.48451909951772343 0.010132111635438522 1.1075336996771183
 81 0.49769819800143156 0.007490638812560325 2.561868580815349
 88 0.5372534443995525 0.008573564018392212 1.029982729229474
 97 0.5921919019836654 0.0070428778370467795 1.0625252852477034
 104 0.6352947271623021 0.00889331153516665 1.9215614948971067
 110 0.6697471559682904 0.008517428637689528 1.4482675183391953
 118 0.720386878733414 0.00893444070890969 1.3645318281026002
 133 0.8179676097672237 0.007472132633278267 1.0716545432974112
 140 0.8615127294491006 0.00879744406988894 1.5419873194555893
 147 0.9063721624588774 0.009269576274746137 2.421900639366026
