 0 1.0 1.0 1376.024546667815
 2 0.36103203525710126 0.18051601762855063 12711.611342366132
 3 0.20468382721485162 0.024167809586300982 84.61367967721438
 8 0.22025926800374862 0.00897443393102147 1.0409795000773792
 27 0.34508650383543715 0.006832156506988871 1.126897109025133
 34 0.38523390373255045 0.008021827278286332 1.6045011923724861
 42 0.43220082813319327 0.007184428092832136 1.2009262885323575
 50 0.47787064621778447 0.0074043084348520815 1.1992689246849584
 105 0.8521405030633787 0.008374031979435368 1.0525316893689225
 111 0.8897449516700497 0.008535940138816592 2.9464951801943093
 117 0.9218857280571586 0.008811049694375107 1.1547579221686046
 124 0.9650596750592628 0.007787953440083217 1.0777606536546842
