 1 0.6392820787505333 0.6392820787505333 0.28384252771839685
 4 0.6469182484496174 0.007636169699084088 0.5494783163318187
 5 0.6545544181487015 0.007636169699084088 0.771758728950169
 6 0.6617607274933078 0.007206309344606341 0.9523282027457742
 7 0.6683319069277499 0.006571179434442033 0.5327726323687911
 8 0.674464114567875 0.006132207640125105 0.33013151572770777
 9 0.6805782498038004 0.00611413523592541 0.2360030093904505
 10 0.686992570467884 0.006414320664083489 0.22692384703545035
 11 0.6938811896086658 0.006888619140781907 0.20701183885689384
 12 0.7013399387025533 0.007458749093887479 0.35869302276647336
 13 0.7091884303648467 0.00784849166229336 0.8089891969191537
 15 0.714946014907497 0.005757584542650319 0.31346233046382926
 16 0.7207035994501473 0.005757584542650319 0.1703623652646903
 17 0.7268880218293242 0.0061844223791769634 0.171162564215172
 18 0.7337863723159418 0.00689835048661758 0.2887994942033688
 19 0.7412319461599642 0.007445573844022471 0.3903932459110007
 20 0.7488647910453375 0.007632844885373331 0.6182310787303276
 22 0.754656224106764 0.005791433061426525 0.31932361688568567
 23 0.7604476571681905 0.005791433061426525 0.2331539522519136
 24 0.7665406976095472 0.006093040441356671 0.17887650879437397
 25 0.7731871808682993 0.00664648325875211 0.21019044230815948
 26 0.7804844111147021 0.007297230246402786 0.3999269253799693
 27 0.7881036740838937 0.007619262969191581 0.7398594943639866
 28 0.7954575097978919 0.007353835713998117 0.9141486668508069
 29 0.8021980771585451 0.006740567360653154 0.6927474708628572
 30 0.808401934801872 0.0062038576433268225 0.5658766965092413
 31 0.814285370742505 0.0058834359406330135 0.4128731674324225
 32 0.820048292005038 0.00576292126253313 0.2332287921369006
 33 0.8260146761853692 0.00596638418033108 0.12845522109595106
 34 0.8326586082390827 0.006643932053713532 0.18193500225802228
 35 0.8401723540493299 0.0075137458102472006 0.3553894416319969
 36 0.8481473377319229 0.007974983682593015 0.851492491927632
 38 0.8539907203451736 0.005843382613250777 0.3135034617691708
 39 0.8598341029584244 0.005843382613250777 0.13437219027922426
 40 0.8662042651803967 0.006370162221972295 0.1806870957330837
 41 0.8733913116281724 0.007187046447775631 0.3144689280984908
 42 0.8810813284803543 0.007690016852181839 0.5793198424274594
 43 0.8887318542252688 0.007650525744914583 0.7151404320589939
 44 0.8959622281976046 0.007230373972335881 0.7424655460258185
 45 0.9026904772572029 0.006728249059598209 0.694274311238647
 46 0.9089630564741668 0.00627257921696389 0.4916493885356556
 47 0.9149633166508407 0.006000260176673962 0.3712565087512573
 48 0.9209320473179297 0.005968730667088965 0.24060243250022648
 49 0.9271405780961489 0.006208530778219235 0.12684067552448947
 50 0.9340462002140651 0.006905622117916271 0.2048803120284587
 51 0.9418044660185564 0.0077582658044912725 0.43277194775007005
 53 0.9481472877546603 0.006342821736103871 0.32375083844782715
 54 0.9544901094907642 0.006342821736103871 0.19187821697560903
 55 0.9612391382047634 0.006749028713999145 0.16113598683926902
 56 0.9687398518593013 0.007500713654538001 0.34647497725752524
 57 0.976774305952815 0.008034454093513638 0.8284949061475184
 59 0.9825112855014023 0.005736979548587308 0.3055350685929807
 60 0.9882482650499896 0.005736979548587308 0.11247485583333813
 61 0.9941241325249948 0.005875867475005181 0.1062427795769944
 62 1.0 0.005875867475005236 0.08520990333097883
