 1 0.18051601762855063 0.18051601762855063 0.22595790216267
 4 0.18763490224324397 0.007118884614693341 0.18763502019818964
 5 0.19475378685793732 0.007118884614693341 0.17651479150905247
 6 0.20238285001507103 0.007629063157133713 0.1803728883107377
 7 0.2104782545082838 0.008095404493212768 0.2815820861404901
 8 0.21844171731392956 0.00796346280564574 0.3734055506507527
 9 0.22623747200925845 0.0077957546953289 0.6966875986061543
 10 0.23327642850105676 0.007038956491798319 0.5695734536086069
 11 0.2402831988574313 0.007006770356374542 0.43699279724420503
 12 0.247443255935114 0.007160057077682688 0.5338539855314
 13 0.25432334760295483 0.006880091667840832 0.4585505923884919
 14 0.26124995684906266 0.006926609246107815 0.41743969120123575
 15 0.26823199933646324 0.006982042487400582 0.4306240495557575
 16 0.27516628406041116 0.006934284723947892 0.3314880657624739
 17 0.28239820829084167 0.007231924230430511 0.5641362824009761
 18 0.28909322174505747 0.006695013454215788 0.5194155985121403
 19 0.2957245688681247 0.006631347123067237 0.3837867919217452
 20 0.3025930847045123 0.006868515836387568 0.3957687917299889
 21 0.3094581809792516 0.006865096274739293 0.29815435568250337
 22 0.3166906288996751 0.007232447920423473 0.47666108444020594
 23 0.32351364964834867 0.006823020748673565 0.4512313115810847
 24 0.33032455418236084 0.006810904534012199 0.4079245470372918
 25 0.33720664182517734 0.006882087642816531 0.40721253686296044
 26 0.34409295040129534 0.006886308576117995 0.6297965141036659
 27 0.35047633134416445 0.006383380942869085 0.46046568997209003
 28 0.357005198648083 0.006528867303918566 0.3561953506858093
 29 0.36377439919794613 0.006769200549863106 0.28079483576970343
 30 0.3709055538158379 0.007131154617891759 0.4143298724864472
 31 0.37775873791114506 0.006853184095307179 0.5428561738160025
 32 0.38428986484427674 0.006531126933131658 0.47764120757438716
 33 0.3908293082515543 0.006539443407277603 0.38376214458390656
 34 0.3975461696026398 0.006716861351085445 0.3330772358140653
 35 0.4044653279005852 0.006919158297945427 0.2812552943673642
 36 0.41170366387841645 0.007238335977831266 0.45390611162502603
 37 0.41855086032035804 0.006847196441941618 0.5038130739910599
 38 0.42522261180388277 0.006671751483524739 0.365638372297328
 39 0.43217057124808395 0.006947959444201187 0.40282513946751636
 40 0.4390601722312228 0.006889600983138855 0.32179891609287253
 41 0.4462348592261265 0.007174686994903679 0.6513343280501872
 42 0.45269307868029435 0.006458219454167846 0.3752167454672258
 43 0.45956237144780615 0.006869292767511786 0.4245693792535626
 44 0.4663290625109106 0.0067666910631044705 0.42205713850151794
 45 0.47308457410008437 0.006755511589173753 0.6028068465607672
 46 0.4794174450926971 0.006332870992612777 0.6665071330405269
 47 0.48546226245119933 0.006044817358502197 0.401859784789974
 48 0.49182981274191445 0.006367550290715092 0.22415710935450373
 49 0.49889165144441777 0.007061838702503332 0.4165874072589699
 50 0.5055208394624362 0.006629188018018411 0.3581703058436817
 51 0.5123190042232505 0.006798164760814244 0.45165333004036573
 52 0.5189128341343515 0.006593829911101028 0.2909966354662866
 53 0.5259817405364505 0.0070689064020989815 0.293257678454263
 54 0.5332244131723004 0.007242672635849895 0.435297773635228
 55 0.5401549390806629 0.006930525908362517 0.3576243218571787
 56 0.5472953157704687 0.0071403766898058135 0.4450497002054269
 57 0.5542378835122468 0.00694256774177804 0.5492224581121384
 58 0.5608880856360893 0.006650202123842433 0.32249416439871637
 59 0.5680286382805152 0.007140552644425885 0.5714022895500063
 60 0.57460620754145 0.006577569260934773 0.6120383884247154
 61 0.5809449361190671 0.006338728577617053 0.29069776310377315
 62 0.587950877414683 0.007005941295615955 0.2618192207385065
 63 0.5952721105181646 0.007321233103481625 0.3419843108118663
 64 0.6024974853807131 0.007225374862548444 0.4400313303411882
 65 0.6095052480908524 0.00700776271013928 0.43548968920882647
 66 0.6164881126257886 0.0069828645349362594 0.3043807441108423
 67 0.623888476831912 0.007400364206123282 0.3521756822420947
 68 0.6312647827488115 0.0073763059168995265 0.6222558846343267
 69 0.6380181613990042 0.0067533786501927885 0.5498911264435979
 70 0.644706166666803 0.0066880052677987835 0.5459964468926723
 71 0.651256198042502 0.006550031375699031 0.4454582079318416
 72 0.657898950028032 0.006642751985529964 0.2858636371170205
 73 0.6650326412776613 0.00713369124962922 0.415938108873944
 74 0.6718958818444116 0.006863240566750336 0.5009807816679991
 75 0.6785316585793174 0.006635776734905771 0.4379962150699087
 76 0.6852234675378996 0.006691808958582266 0.22439145071825972
 77 0.6927075349310233 0.007484067393123704 0.291446429521315
 78 0.7001869483122404 0.007479413381217053 0.41873106041004987
 79 0.7073882943964096 0.0072013460841692375 0.5726155523594081
 80 0.7141946473751846 0.00680635297877498 0.4011279325985167
 81 0.7212586585498774 0.007064011174692751 0.2568575314760347
 82 0.728907427433504 0.007648768883626626 0.3242658528329589
 83 0.7365120919363692 0.007604664502865212 0.5412113573474606
 84 0.7435878188627695 0.007075726926400271 0.4847021213584122
 85 0.7506522409412371 0.007064422078467537 0.65237900406055
 86 0.7572747579902138 0.006622517048976756 0.3874120964878524
 87 0.7642806450822027 0.0070058870919888876 0.47819082400365925
 88 0.7710614066234823 0.006780761541279619 0.35215226731315025
 89 0.7781324749237468 0.007071068300264531 0.5496409601639415
 90 0.7847482627082043 0.006615787784457527 0.2589423662184269
 91 0.7921299481606777 0.00738168545247346 0.3329133818298409
 92 0.7994412532205368 0.007311305059859109 0.5684753908128235
 93 0.8062035940711202 0.0067623408505833255 0.46462677969322475
 94 0.8130388052012664 0.006835211130146213 0.4313784427627107
 95 0.8198982525260069 0.006859447324740528 0.2876361371212425
 96 0.8272331337789905 0.007334881252983612 0.24436135613385288
 97 0.8349829701345006 0.007749836355510052 0.43262705247231414
 98 0.8422726917427547 0.007289721608254078 0.8844884714784186
 99 0.8486796429313661 0.006406951188611421 0.4279532644128889
 100 0.8555462278415497 0.006866584910183589 0.18129871003513748
 101 0.8634980140513571 0.007951786209807394 0.3056399603526832
 102 0.8712127377700393 0.007714723718682255 0.5393499394834486
 103 0.878352885379544 0.007140147609504801 0.5742971006660268
 104 0.8852707724355571 0.006917887056013072 0.6247630230825042
 105 0.8919168626203952 0.006646090184838037 0.3100932370183188
 106 0.899195082068953 0.007278219448557856 0.2907471852960673
 107 0.9067110502709363 0.007515968201983328 0.6032989036222565
 108 0.9134985030296591 0.0067874527587226735 0.39758635372681905
 109 0.920590743062094 0.007092240032434906 0.5571303271510775
 110 0.9272914030040142 0.006700659941920224 0.5239872967683558
 111 0.9339098971489942 0.006618494144979933 0.24861719925078382
 112 0.9413118541281753 0.007401956979181149 0.4636044476418056
 113 0.948202559120725 0.006890704992549781 0.2753543635109742
 114 0.9556808718959726 0.007478312775247622 0.27468436444980504
 115 0.9633885375119418 0.007707665615969156 0.41418278140986764
 116 0.970779946874633 0.007391409362691213 0.473587767881937
 117 0.9779939925020021 0.0072140456273691415 0.777537043889012
 118 0.9845373677591411 0.006543375257138963 0.6400168022557912
 119 0.9909897121640054 0.006452344404864255 0.2732579470426887
 120 0.9954948560820027 0.0045051439179972785 0.02755224055374173
 121 1.0 0.0045051439179972785 0.01939271150164427
