 1 0.1943705443994429 0.1943705443994429 0.31086279134749717
 4 0.20172035415295725 0.00734980975351435 0.3428706491772213
 5 0.2090701639064716 0.00734980975351435 0.3065628491298528
 6 0.21795430058151882 0.008884136675047238 0.7478573495132397
 8 0.22523239398461245 0.007278093403093626 0.5561651988014831
 9 0.23251048738770608 0.007278093403093626 0.5079009508224515
 10 0.24026948431954762 0.007758996931841528 0.9677272593894314
 11 0.2473105997023258 0.007041115382778181 0.765285745836585
 12 0.25408592400868685 0.0067753243063610235 0.5749995152701961
 13 0.2610884448034875 0.007002520794800601 0.639221048794443
 14 0.2681367408901696 0.007048296086682106 0.7944848962761112
 15 0.27485580999560916 0.006719069105439547 0.6183615665821967
 16 0.28167512695291536 0.006819316957306179 0.5547882855933579
 17 0.28878642434107865 0.007111297388163274 0.48432516317414454
 18 0.296458107633151 0.007671683292072369 0.8877227040342293
 19 0.3035715348350936 0.007113427201942562 0.9353642178623247
 20 0.3100818248414568 0.006510290006363227 0.8787607695085614
 21 0.3161336835480391 0.006051858706582301 0.5217330576381726
 22 0.3225422692821586 0.006408585734119528 0.2725660946346635
 23 0.3305168895640419 0.007974620281883272 0.7732782431443246
 25 0.33700812329991475 0.006491233735872872 0.5580209544146094
 26 0.3434993570357876 0.006491233735872872 0.41543911426988045
 27 0.35077524164399243 0.007275884608204855 0.68415956147319
 29 0.35707668625468053 0.00630144461068809 0.5752809007604948
 30 0.36337813086536863 0.00630144461068809 0.442488935155772
 31 0.37033110697787675 0.0069529761125080945 0.4640294719635766
 32 0.37791255784071304 0.00758145086283629 0.6520182337788916
 34 0.3845149433124823 0.0066023854717692535 0.5717036916173444
 35 0.3911173287842516 0.0066023854717692535 0.7409843730984277
 36 0.3975219304898551 0.006404601705603525 0.5466160644131234
 37 0.404225567934564 0.006703637444708871 0.44974406329229544
 38 0.41159238274153104 0.007366814806967072 0.4920671258451891
 40 0.41849675935984637 0.006904376618315342 0.5733381298460073
 41 0.4254011359781617 0.006904376618315342 0.7936732720259496
 42 0.4319846892276105 0.006583553249448804 0.6792321396184384
 43 0.43851145952723763 0.006526770299627114 0.6171190530844743
 44 0.4451389401754961 0.00662748064825844 0.5546728644714509
 45 0.4520505468102977 0.006911606634801589 0.4311388559637352
 47 0.4586883901034271 0.006637843293129366 0.5679219156485587
 48 0.4653262333965565 0.006637843293129366 0.437383946357402
 49 0.4726716113015705 0.007345377905013978 0.7151217399227441
 50 0.47986050424302834 0.007188892941457862 0.6160104271073772
 52 0.48614344365613715 0.0062829394131087915 0.5823380407284786
 53 0.49242638306924597 0.0062829394131087915 0.7729818540195494
 54 0.49845705214170105 0.0060306690724551025 0.567229462775038
 55 0.5047111768414043 0.0062541246997032405 0.18652126598461943
 56 0.5132504031667438 0.008539226325339419 0.7051505817471839
 58 0.5191703170049461 0.005919913838202358 0.49577654343770156
 59 0.5250902308431484 0.005919913838202358 0.35486002438967823
 60 0.5319910717074732 0.0069008408643247855 0.2557596569138888
 62 0.5395935646546312 0.00760249294715797 0.5829210041195693
 63 0.5471960576017891 0.00760249294715797 0.8904240470534319
 65 0.5533550140139049 0.006158956412115709 0.5767071589917991
 66 0.5595139704260206 0.006158956412115709 0.46636691983264605
 67 0.5662212165207421 0.006707246094721474 0.37963741590712097
 68 0.5739097838004737 0.007688567279731615 0.9850199926722156
 69 0.5808562307710223 0.006946446970548526 0.999229904625151
 70 0.5871098122511873 0.006253581480164939 0.4647006581618294
 71 0.5939261920308325 0.0068163797796452425 0.41060909836776455
 72 0.6015888149254497 0.007662622894617164 0.6718927352325523
 74 0.6082055110399038 0.006616696114454093 0.575787406025289
 75 0.614822207154358 0.006616696114454093 0.4706269975914794
 76 0.6220116109252197 0.007189403770861754 0.5071937423670916
 77 0.6296787254902163 0.007667114564996613 0.7541744030027979
 79 0.6359976887634184 0.006318963273202175 0.5850590404636398
 80 0.6423166520366206 0.006318963273202175 0.46368194082203823
 81 0.6492080701870949 0.006891418150474387 0.6167845985190509
 82 0.656206773722592 0.006998703535497054 0.4939358965379888
 83 0.6637200447149411 0.007513270992349122 0.618999273922219
 84 0.671343448363491 0.007623403648549985 0.972570897673161
 86 0.6770824649486764 0.005739016585185351 0.5460261310382823
 87 0.6828214815338618 0.005739016585185351 0.3187676347181224
 88 0.6896918337306319 0.006870352196770156 0.2910724053745082
 89 0.6981035745968981 0.008411740866266133 0.6107752795485871
 91 0.7043631942234663 0.006259619626568203 0.5167501199854168
 92 0.7106228138500345 0.006259619626568203 0.3711979131179894
 93 0.7178384888381489 0.007215674988114515 0.28352256729632336
 94 0.7267305502062776 0.00889206136812873 0.723126777420736
 96 0.7330194969616294 0.006288946755351745 0.48746406771286827
 97 0.7393084437169811 0.006288946755351745 0.36102072625304743
 98 0.7466081875303964 0.007299743813415207 0.6227658079619072
 99 0.7540037099399637 0.007395522409567271 0.7245231594718187
 100 0.7612180871155305 0.007214377175566778 0.7967680977713144
 101 0.7680905501799936 0.00687246306446305 0.6595012744184435
 102 0.7749541351442366 0.006863584964243026 0.767148414141818
 103 0.781554619344577 0.006600484200340428 0.47348668976384994
 104 0.7887155739942304 0.007160954649653408 0.4479221471978432
 106 0.7955134124596424 0.006797838465411979 0.5929173776117418
 107 0.8023112509250543 0.006797838465411979 0.5395833457664125
 108 0.8094495441694928 0.007138293244438491 0.5640101327462594
 109 0.8168628714622211 0.007413327292728374 0.5669382559422727
 110 0.8245518730107017 0.007689001548480531 0.5129196781531308
 112 0.8311911950987391 0.006639322088037441 0.5746203971982862
 113 0.8378305171867765 0.006639322088037441 0.8005878813504457
 114 0.8441476257861784 0.006317108599401957 0.462924388061275
 115 0.851039832408335 0.006892206622156602 0.20337779092054306
 116 0.8602544765297645 0.009214644121429463 0.6447296774832992
 118 0.8664931600097796 0.006238683480015161 0.4778922700788713
 119 0.8727318434897948 0.006238683480015161 0.2861315531280257
 120 0.8804025662894092 0.007670722799614348 0.467253540673469
 122 0.8877656361815135 0.007363069892104331 0.6061757629887228
 123 0.8951287060736178 0.007363069892104331 0.5685471320444015
 124 0.9027601746900036 0.007631468616385802 0.9996433245938167
 125 0.9096297424987609 0.006869567808757367 0.7862640730036061
 126 0.9161954736139306 0.006565731115169616 0.6611838904836517
 127 0.9227485470825545 0.006553073468623912 0.46603674952319696
 128 0.9298862569789965 0.007137709896442044 0.5313915420033837
 129 0.937410144657893 0.007523887678896398 0.6861197733757219
 130 0.9448503492743366 0.0074402046164437265 0.7075051865819965
 131 0.9521515657026361 0.007301216428299461 0.682402002479397
 132 0.9593813891642754 0.007229823461639207 0.9653154167906299
 133 0.9659463767855703 0.006564987621294831 0.789027722327676
 134 0.9722155002814794 0.006269123495909103 0.4761578362603242
 135 0.9790074148600796 0.006791914578600128 0.4484768190423927
 136 0.9864764942746156 0.007469079414535983 0.5174943564428828
 137 0.9932382471373078 0.006761752862692205 0.44909884151307383
 138 1.0 0.006761752862692205 0.3515758092433353
