 1 0.6392820787505333 0.6392820787505333 0.28384252771839685
 4 0.6469182484496174 0.007636169699084088 0.5494783163318187
 5 0.6539109120428966 0.0069926635932791815 0.4975161049302851
 6 0.6608711396369786 0.0069602275940819445 0.5705537955085757
 7 0.6675681547826445 0.006697015145665923 0.3568442471455038
 8 0.6746598027538737 0.007091647971229224 0.42695463220435653
 9 0.6816037364687345 0.006943933714860757 0.44408376788149045
 10 0.6884786052639518 0.006874868795217248 0.4957557328927464
 11 0.6951815652252137 0.006702959961261942 0.3521140599027
 12 0.7021968823292013 0.0070153171039876155 0.48820259927334453
 13 0.7088979041461319 0.006701021816930565 0.4670488194094431
 14 0.715562742853181 0.006664838707049194 0.4612887754464968
 15 0.7221766429212984 0.006613900068117405 0.39511290547051864
 16 0.7289119202260517 0.0067352773047532994 0.38114066979174555
 17 0.7357080966770068 0.006796176450955113 0.4479834818136697
 18 0.7423505689408283 0.006642472263821486 0.45804362893009426
 19 0.748922973535444 0.006572404594615761 0.4036020516826075
 20 0.7555864372554751 0.006663463720031175 0.3763991985906379
 21 0.7623392353280548 0.006752798072579681 0.5175431105241056
 22 0.7687666931961814 0.006427457868126634 0.4161010512447012
 23 0.7753281575562913 0.006561464360109899 0.35314388521713946
 24 0.7820727442332948 0.006744586677003534 0.38618651246494723
 25 0.7887868474895934 0.006714103256298672 0.4954251103609081
 26 0.7952430285823558 0.006456181092762501 0.42153011781557914
 27 0.8017902253682258 0.006547196785869872 0.3301066207019711
 28 0.8086088735569423 0.0068186481887165425 0.3266767537003726
 29 0.8155514360733084 0.00694256251636606 0.4311910836896043
 30 0.8222779885327159 0.006726552459407606 0.5095356028686716
 31 0.8287857593556957 0.006507770822979688 0.42036495427958626
 32 0.8354070381331193 0.006621278777423714 0.3046981049632306
 33 0.8423981835652765 0.006991145432157216 0.31729271188908675
 34 0.8494957042271015 0.007097520661825031 0.4744872766974809
 35 0.8562385794796543 0.0067428752525527475 0.4990381351654775
 36 0.862848883824724 0.0066103043450696794 0.4750737414900091
 37 0.8694183284128651 0.006569444588141168 0.29675467796358473
 38 0.8764725423619446 0.007054213949079488 0.2897129124596003
 39 0.8837297603483041 0.007257217986359442 0.5000674503373517
 40 0.8904995582920415 0.006769797943737461 0.4819688237112931
 41 0.8972119496255437 0.006712391333502241 0.5200794044152635
 42 0.9037552154312997 0.0065432658057559675 0.3778331610061914
 43 0.9105519292963882 0.006796713865088549 0.27069810075402584
 44 0.9178006454441808 0.007248716147792616 0.42160318131302965
 45 0.9247202612242489 0.006919615780068017 0.4543943151901633
 46 0.9315349925270954 0.006814731302846465 0.5454410545365763
 47 0.9380842245995115 0.006549232072416038 0.42487710467335776
 48 0.94478069068475 0.006696466085238543 0.25070244790332663
 49 0.9521041969897817 0.007323506305031615 0.4538886758224575
 50 0.9589528684097558 0.00684867141997409 0.4461803306678559
 51 0.9657694076859161 0.006816539276160381 0.5587172636458798
 52 0.9722809933251152 0.006511585639199085 0.36045083469619643
 53 0.979149767543257 0.006868774218141822 0.26696565733151817
 54 0.9864586704812346 0.007308902937977545 0.47250716918099395
 55 0.9932293352406173 0.006770664759382705 0.4439560700522754
 56 0.9966146676203087 0.0033853323796913526 0.015004767523105941
 57 1.0 0.003385332379691297 0.0064434758591909195
