 0 1.0 1.0 459669.9490452471
 1 0.1005471119653295 0.1005471119653295 27.66264019105064
 3 0.0824796851713357 0.04123984258566785 110.2634058512865
 5 0.06655176241297318 0.012655959913652665 1.5271428756995395
 7 0.07409214912137398 0.009942792166522956 2.3811075778192197
 11 0.09476288698651952 0.008008768474501151 1.0350861387109436
 17 0.13038055036957097 0.0071404448087257315 1.879821467445968
 24 0.17192918371852933 0.008306542077282809 2.0260220323643576
 28 0.19028484930882622 0.008272529457436027 1.506976678942537
 33 0.2187466867342979 0.008587987243574196 2.3163211621072937
 36 0.2297083247823289 0.006991232745826418 1.0115320936606869
 40 0.25283058523474183 0.008963376343928315 6.440890036880852
 45 0.27775091796323437 0.00782167791037472 3.043018801068834
 49 0.2956581805302915 0.008582645636167304 1.177262321797589
 52 0.30994491587851025 0.00813861142166525 1.8220872823772154
 56 0.32976451561381664 0.008361217377550785 1.093005289172199
 59 0.34470175875944786 0.008708395081374228 1.1929948378554747
 61 0.3509958462528352 0.007501241287380761 2.0685853029239545
 66 0.37892899632840654 0.008432497140300149 5.958488896859766
 70 0.3959914663855519 0.008057255074027037 1.2496773657342026
 74 0.4173828505627611 0.008322456634109692 1.1482044686496042
 78 0.4391456502568717 0.00796736665343139 2.069044893233513
 84 0.4726845154065241 0.008240042026113977 1.5671344343837599
 88 0.49510788110881193 0.008998280456466189 3.274992391056547
 93 0.5198278036240596 0.0077341075735307225 1.129491863053011
 99 0.556865161036046 0.008218763080720856 4.388714241379539
 104 0.5837587990613017 0.008263422683583642 1.4593395380531224
 106 0.5889986299507697 0.006732690840713323 1.0902198662868476
 111 0.6171736879944036 0.008725419363814057 1.1606192815229082
 120 0.6747554986274638 0.00734704741558528 1.83767457562507
 126 0.709724836073731 0.009805057355217004 1.7254597542741057
 130 0.7290034403484977 0.006639583899238375 1.0434159028251926
 134 0.7514725170594315 0.009197558202495092 1.5439050178618752
 136 0.7571380204504292 0.007431530796746402 1.3756146582157713
 142 0.796578247945031 0.009387330955446823 5.210216670231248
 147 0.8196609827696215 0.007383189381253455 1.6577429698506434
 152 0.848785650978374 0.0085763466220821 1.637852542860383
 159 0.8925361886376368 0.00809682193918825 2.381300451885777
 164 0.9193848669210556 0.0078042877404127355 2.061231368658845
 169 0.9473369535833814 0.009408032257794068 1.5122216950792264
 173 0.9704169636000053 0.00879778572870066 3.2520839997912088
 176 0.9825002307367056 0.009036806313854772 1.34245483794789
