 2 0.03738376198962013 0.03738376198962013 0.21738698444023155
 4 0.049753882891355156 0.012370120901735029 0.27229606285438657
 5 0.06212400379309019 0.012370120901735029 0.9036415172072659
 7 0.0681291309734198 0.006005127180329612 0.2612461630631463
 8 0.07413425815374941 0.006005127180329612 0.1430734552916739
 9 0.08072975932204522 0.00659550116829581 0.24209876001615377
 10 0.08800813354419783 0.007278374222152607 0.1829636771659792
 11 0.09591783850905566 0.007909704964857836 0.285591786001742
 12 0.1044254729861078 0.008507634477052129 0.7640368086654543
 14 0.11074838562871474 0.006322912642606941 0.4291074150652166
 15 0.11707129827132168 0.006322912642606941 0.18435843159382165
 16 0.12369832951437945 0.006627031243057775 0.1676677307863095
 17 0.1310635697420968 0.007365240227717333 0.3594715311778215
 19 0.13710932258167205 0.006045752839575267 0.48373329904795204
 20 0.1431550754212473 0.006045752839575267 0.12674078197875513
 21 0.14959329720369946 0.006438221782452151 0.1817651633915933
 22 0.15688091679073485 0.007287619587035382 0.10422112163381952
 23 0.1652310030618474 0.008350086271112542 0.1951902719815596
 25 0.17282369320672056 0.007592690144873141 0.34634569113480423
 26 0.1804163833515937 0.007592690144873141 0.45493692339876424
 28 0.18646706969035393 0.006050686338760218 0.32634123990682395
 29 0.19251775602911414 0.006050686338760218 0.5700041894233709
 30 0.19852953171875468 0.006011775689640539 0.1947419877463644
 31 0.204698514070245 0.006168982351490324 0.15546001413691163
 32 0.2115635742739047 0.0068650602036597 0.10478294129249283
 33 0.21950364886031262 0.007940074586407914 0.4855850086834763
 35 0.22598450703774098 0.00648085817742837 0.3122756658778694
 36 0.23246536521516936 0.00648085817742837 0.23363104318506428
 37 0.23929237431521208 0.006827009100042718 0.16790237690302623
 38 0.24676800596308 0.007475631647867918 0.3921944278306401
 39 0.25469348560873384 0.007925479645653872 0.9103560508843085
 41 0.26026248772084615 0.005569002112112319 0.46486613432926044
 42 0.26583148983295846 0.005569002112112319 0.24336256829109387
 43 0.2715393453750114 0.0057078555420529194 0.10227788116091552
 44 0.2779691922087103 0.006429846833698924 0.3481321303862985
 45 0.2850525752338007 0.007083383025090401 0.17955915821485835
 46 0.29258665081172497 0.007534075577924294 0.2831679845114979
 47 0.30070408230651446 0.00811743149478948 0.39513001205005777
 49 0.3064178650707786 0.005713782764264133 0.28540332352138004
 50 0.31213164783504277 0.005713782764264133 0.4681735613728754
 51 0.3179272957437389 0.005795647908696157 0.09770637557233598
 52 0.3242130324284591 0.006285736684720231 0.10288333613384995
 53 0.3317041146246822 0.007491082196223064 0.1346860723529694
 54 0.3404557121000843 0.008751597475402106 0.302919429230635
 56 0.34639483427142964 0.005939122171345342 0.26213892074282574
 57 0.352333956442775 0.005939122171345342 0.4242307176102106
 58 0.3584276874449507 0.006093731002175679 0.13305210560054226
 59 0.3649505761039695 0.006522888659018854 0.152563679586156
 60 0.37239239405763863 0.0074418179536691305 0.18336130083506605
 61 0.3807147813252605 0.00832238726762187 0.5893693072987475
 63 0.387420417499359 0.006705636174098553 0.39540407411777756
 64 0.39412605367345754 0.006705636174098553 0.4302147019426111
 65 0.40082589597620766 0.006699842302750122 0.21810715817836082
 66 0.40777350884290736 0.006947612866699695 0.356520954136464
 67 0.41506311899351245 0.007289610150605089 0.31841274417197446
 68 0.42253287720465543 0.007469758211142963 0.33736485559394236
 69 0.43021369744756205 0.007680820242906592 0.4428156470637015
 70 0.4379504268272401 0.0077367293796780515 0.9745363206268647
 72 0.44249627505838607 0.004545848231145938 0.26284176554692584
 73 0.447042123289532 0.004545848231145938 0.10159588794733398
 74 0.4521406090469789 0.005098485757446879 0.08164250114490797
 75 0.458289520024973 0.006148910977994104 0.1170392754232946
 76 0.46564059188675977 0.007351071861786784 0.08818470908839218
 77 0.4743869878822849 0.008746395995525099 0.18005315983630243
 79 0.48229727353557805 0.007910285653293147 0.4811453893880723
 80 0.4902075591888712 0.007910285653293147 0.8342723670829575
 82 0.494974599281839 0.004767040092967797 0.2674278219739354
 83 0.4997416393748068 0.004767040092967797 0.07934816098052863
 84 0.5051652570596772 0.005423617684870334 0.06707866163870674
 85 0.511888024198834 0.006722767139156806 0.12984662301221214
 86 0.519971379220319 0.008083355021484996 0.3921139560073522
 87 0.5286798803811602 0.008708501160841224 0.5493157969163984
 89 0.5354944581475909 0.006814577766430651 0.44498173894312903
 90 0.5423090359140216 0.006814577766430651 0.42744808030614506
 91 0.5490703695309707 0.006761333616949131 0.22644625982106584
 92 0.5560681502682123 0.006997780737241622 0.41286817356929156
 93 0.5633263679697489 0.007258217701536546 0.3086281346022318
 94 0.5707104560021025 0.00738408803235355 0.6295433351424948
 95 0.5780271192249157 0.007316663222813197 0.41037017485807026
 96 0.5851490241466186 0.007121904921702948 0.488743691562471
 98 0.5907041006163233 0.0055550764697047065 0.3243685247309376
 99 0.5962591770860279 0.0055550764697047065 0.1351230899026192
 100 0.6023000853254439 0.00604090823941596 0.11272945782261551
 101 0.6093161389547711 0.007016053629327224 0.12742997675000575
 102 0.6174944677141508 0.008178328759379743 0.3357704366103184
 103 0.6264014156271354 0.008906947912984554 0.5120636502273636
 105 0.6324682733413928 0.006066857714257436 0.4567635801070561
 106 0.6385351310556502 0.006066857714257436 0.10417278693165985
 107 0.6450988512078821 0.006563720152231916 0.1277303586720984
 108 0.6527863755540879 0.007687524346205744 0.2925971890078031
 109 0.6612297273306008 0.008443351776512946 0.49859904369348096
 111 0.6674550157018196 0.006225288371218858 0.30206725008521307
 112 0.6736803040730385 0.006225288371218858 0.4190074565601212
 113 0.680016213068614 0.006335908995575542 0.15650400544399967
 114 0.6867351363421144 0.006718923273500353 0.18677155399641113
 115 0.69422855758029 0.007493421238175689 0.18454385378078672
 116 0.7025003611067322 0.008271803526442188 0.256534033538565
 117 0.7114524380245043 0.008952076917772106 0.6749597173338905
 119 0.7180785611862834 0.006626123161779081 0.4515318844368243
 120 0.7247046843480626 0.006626123161779081 0.3940149772379509
 121 0.731306553724141 0.006601869376078484 0.24578760921724918
 122 0.7381390732975937 0.006832519573452641 0.45313658706385346
 123 0.74514879769221 0.007009724394616351 0.17834239483893974
 124 0.752485901785734 0.007337104093524045 0.26466465259807714
 125 0.7604278859921495 0.007941984206415438 0.7469471366835208
 126 0.7682888342615773 0.007860948269427834 0.9865733028693819
 127 0.7754557709588779 0.0071669366973005225 0.711517550699294
 128 0.7820098043012698 0.006554033342391852 0.1801001659851639
 129 0.7886751431463391 0.006665338845069376 0.3316953712084041
 130 0.7957846803917177 0.007109537245378605 0.3565575090251772
 131 0.8030512867247975 0.0072666063330798294 0.319748574772995
 132 0.8104954771339454 0.007444190409147889 0.4941714628292813
 134 0.8163766901731082 0.005881213039162769 0.32371774443328655
 135 0.822257903212271 0.005881213039162769 0.14969772669421252
 136 0.828613523739594 0.006355620527323006 0.12834444265232797
 137 0.835889349521435 0.007275825781841075 0.24029848274988588
 138 0.843976798055732 0.008087448534296972 0.2021591656281558
 139 0.8527152853792117 0.008738487323479746 0.7452504042446608
 141 0.859047318218807 0.006332032839595324 0.4113333474987964
 142 0.8653793510584022 0.006332032839595324 0.2335885110248015
 143 0.8719358388620383 0.006556487803636078 0.11927297565637848
 144 0.879269994051556 0.007334155189517714 0.13581383588638435
 145 0.8877555615292236 0.008485567477667584 0.2626306152835981
 146 0.8971025861841313 0.009347024654907634 0.7297783422171031
 148 0.9030820068654425 0.005979420681311155 0.3409600941231234
 149 0.9090614275467537 0.005979420681311155 0.14578248715688766
 150 0.9155129472350375 0.006451519688283879 0.29298679789827736
 151 0.9225400098576209 0.007027062622583402 0.3259793462655115
 152 0.9298188943167187 0.0072788844590978685 0.4167833851127636
 153 0.9371943856249764 0.007375491308257681 0.2712401277548223
 154 0.9447541172402083 0.007559731615231931 0.39833993362933245
 155 0.9525246379271185 0.007770520686910214 0.6049465056549009
 156 0.9601212920438015 0.007596654116682955 0.5551109187054227
 157 0.9673955582343841 0.007274266190582567 0.5646247027960196
 158 0.9743912001315076 0.00699564189712354 0.3986071620704656
 159 0.9812595707980539 0.006868370666546314 0.3427902528391502
 160 0.9882166235068732 0.006957052708819321 0.5825394967796674
 161 0.9941083117534366 0.005891688246563387 0.21162120663567463
 162 1.0 0.005891688246563387 0.054191754302974404
