 2 0.04123984258566785 0.04123984258566785 0.3543267977097765
 4 0.05389580249932052 0.012655959913652665 0.47969999069130775
 6 0.06414935695485102 0.010253554455530502 0.7420591377424585
 8 0.07137019345525207 0.007220836500401043 0.48103288488963486
 9 0.07859102995565312 0.007220836500401043 0.4014366831384847
 10 0.08675411851201838 0.008163088556365258 0.7081513885987009
 12 0.0939009697183153 0.007146851206296921 0.5857624133143869
 13 0.10104782092461222 0.007146851206296921 0.8499653109067776
 14 0.1077469207241288 0.006699099799516577 0.37620638731704864
 15 0.11544350814594712 0.007696587421818323 0.6230775630666463
 16 0.12324010556084523 0.007796597414898117 0.9327896067460033
 18 0.12873572745039882 0.005495621889553601 0.5076618112685377
 19 0.13423134933995243 0.005495621889553601 0.5274053069650121
 20 0.14003521273039699 0.005803863390444565 0.3070597975084322
 21 0.14704786414629006 0.007012651415893074 0.38628559403774176
 22 0.15505187887488825 0.008004014728598196 0.49897138295428894
 23 0.1636226416412465 0.008570762766358254 0.7436545406817634
 25 0.1698989726260788 0.006276330984832288 0.7000740440716162
 26 0.17607433584519885 0.006175363219120045 0.7674896426638878
 27 0.1820123198513902 0.0059379840061913195 0.17162113982964997
 29 0.18873662153682513 0.006724301685434959 0.5347500932718495
 30 0.19546092322226008 0.006724301685434959 0.6325987263145894
 31 0.20224682537818128 0.006785902155921198 0.3545800074136561
 32 0.2101586994907237 0.007911874112542395 0.47254009244096157
 34 0.21643789576361308 0.006279196272889402 0.4840186689943955
 35 0.22271709203650247 0.006279196272889402 0.42675774186095233
 37 0.22899181864450388 0.006274726608001414 0.6656391059294442
 38 0.2352439430661069 0.006252124421603036 0.17889330181457844
 39 0.24386720889081354 0.008623265824706633 0.5620333181518467
 41 0.2489908395397118 0.005123630648898256 0.3930762478595137
 42 0.25411447018861005 0.005123630648898256 0.1240141732680354
 43 0.261828413599136 0.007713943410525922 0.5394374874506404
 44 0.2699292400528596 0.008100826453723644 0.7549075588412759
 46 0.27527986563453305 0.005350625581673404 0.5845891022097309
 47 0.2806304912162065 0.005350625581673404 0.3109226589831935
 48 0.28707553489412424 0.006445043677917775 0.20672029167990508
 50 0.2944929125634226 0.007417377669298348 0.6942192116409015
 51 0.301806304456845 0.0073133918934224044 0.4276190560776919
 53 0.30811850651645334 0.006312202059608335 0.5113544878744449
 54 0.3144307085760617 0.006312202059608335 0.44052133489609546
 55 0.32140329823626584 0.0069725896602041175 0.31660027205424646
 57 0.3287641314144597 0.007360833178193887 0.7051963705842019
 58 0.33599336367807364 0.0072292322636139435 0.31085139754785823
 60 0.3434946049654544 0.007501241287380761 0.565735747955323
 62 0.3491335668220827 0.005638961856628281 0.6854086123965656
 63 0.35471125619104904 0.005577689368966357 0.31269346909661944
 64 0.36142036805740646 0.006709111866357402 0.19376486978530053
 65 0.3704964991881064 0.009076131130699954 0.880651078923086
 67 0.3754061671033001 0.0049096679151937285 0.40474685698167956
 68 0.3803158350184938 0.0049096679151937285 0.10905475055395704
 69 0.38793421131152483 0.007618376293031046 0.5243787566273439
 71 0.39479493099272295 0.006860719681198129 0.720828588353026
 72 0.4014961629257009 0.006701231932977955 0.4038826072878763
 73 0.4090603939286514 0.007564231002950518 0.4476002910958827
 75 0.4162977783902344 0.007237384461583029 0.5710442288072414
 76 0.4235351628518174 0.007237384461583029 0.527460046601048
 77 0.4311782836034403 0.007643120751622879 0.555626693776552
 79 0.43716732225265825 0.005989038649217965 0.4965711390716331
 80 0.4431563609018762 0.005989038649217965 0.5480648794536637
 81 0.4494208875896399 0.006264526687763683 0.3751261160844358
 82 0.45662334297862384 0.00720245538898395 0.47176930940693573
 83 0.4644444733804101 0.007821130401786284 0.5324873797500774
 85 0.4710777801569097 0.00663330677649957 0.5687421892796058
 86 0.4777110869334093 0.00663330677649957 0.2540457352081214
 87 0.48610960065234576 0.00839851371893647 0.4978430491677995
 89 0.4921563916905893 0.006046791038243532 0.4487841124132991
 90 0.4982031827288328 0.006046791038243532 0.794331252985064
 91 0.5039678058059434 0.005764623077110585 0.1634579890682988
 92 0.5120936960505288 0.0081258902445854 0.7995213465476771
 94 0.5188470049431753 0.006753308892646444 0.7078819432703851
 95 0.5254732754447218 0.006626270501546472 0.39254524911545025
 96 0.5330060951095281 0.007532819664806396 0.7735053788206523
 97 0.5402352364634128 0.00722914135388467 0.35755903807009703
 98 0.5486463979553251 0.00841116149191233 0.7197304069948585
 100 0.5537931846261752 0.005146786670850086 0.457851525800997
 101 0.5589399712970253 0.005146786670850086 0.10631504244689644
 102 0.5669738439982556 0.008033872701230238 0.5182848236692293
 103 0.5754953763777181 0.008521532379462553 0.7420020561256329
 105 0.5822659391100563 0.0067705627323382 0.6709875140381456
 107 0.5881968602028869 0.005930921092830577 0.5783376412452093
 108 0.5941277812957174 0.005930921092830577 0.8004838487116279
 109 0.5997710515954866 0.005643270299769198 0.11338900448237596
 110 0.6084482686305895 0.008677217035102934 0.6417215392172477
 112 0.6160157972694725 0.00756752863888296 0.6283552275800725
 113 0.6235833259083555 0.00756752863888296 0.9664179638149404
 114 0.6304530077746475 0.006869681866292015 0.9121289236086855
 115 0.6367798132777324 0.0063268055030848685 0.35192707233048603
 116 0.6441701843997701 0.007390371122037813 0.5808918187548016
 117 0.6517889376146238 0.007618753214853579 0.6380598934213519
 118 0.6594609808499731 0.007672043235349264 0.569760148390931
 119 0.6674084512118785 0.007947470361905415 0.8984665231527629
 121 0.673094772198471 0.005686320986592548 0.5773421932073785
 122 0.6787810931850635 0.005686320986592548 0.45444728480602725
 123 0.6850137568345658 0.006232663649502207 0.5837979960235598
 124 0.691431016853073 0.0064172600185071335 0.2124590875986431
 125 0.6999197787185141 0.008488761865441157 0.3681955498610626
 127 0.7076273831688259 0.0077076044503117695 0.5179063500114487
 128 0.7153349876191377 0.0077076044503117695 0.948886894279175
 129 0.7223638564492594 0.0070288688301216725 0.8240895050398491
 131 0.7282770526347426 0.005913196185483219 0.714066097868813
 132 0.7340664123323994 0.005789359697656804 0.15953699319534018
 133 0.7422749588569364 0.008208546524536977 0.41602422971424036
 135 0.7497064896536828 0.007431530796746402 0.5408118621355591
 137 0.7558853122994098 0.006178822645726971 0.546555203637141
 138 0.7620641349451368 0.006178822645726971 0.4636312118483487
 139 0.7688029006383661 0.0067387656932292915 0.27914693303601734
 140 0.7771391913344226 0.00833629069605647 0.3096339964194819
 141 0.7871909169895841 0.010051725655161547 0.8625987214527323
 143 0.7928334280562652 0.005642511066681136 0.8342677858226115
 144 0.7981471175022412 0.005313689445975988 0.3366437249299964
 145 0.8044228386315246 0.006275721129283424 0.26619264516148944
 146 0.812277793388368 0.007854954756843412 0.8406246769814427
 148 0.8181392859149148 0.005861492526546734 0.7865179482244242
 149 0.8237410763799153 0.005601790465000533 0.1363434712518497
 150 0.8319876314493916 0.008246555069476259 0.6640786482956882
 151 0.8402093043562919 0.008221672906900396 0.5541028357615939
 153 0.8470383850775152 0.006829080721223184 0.5797031922646005
 154 0.8538674657987384 0.006829080721223184 0.8565128588052525
 155 0.8602564474663768 0.006388981667638379 0.2660123282790563
 156 0.8682544987186095 0.0079980512522327 0.7160709763341467
 157 0.8760795654289103 0.00782506671030078 0.5036109414736691
 158 0.8844393666984486 0.00835980126953823 0.7455901302611684
 160 0.890319472338565 0.005880105640116452 0.6881631654717635
 161 0.8961298564464985 0.005810384107933392 0.20649077537997193
 162 0.9038694428774597 0.007739586430961272 0.6658364156860129
 163 0.9115805791806428 0.007711136303183093 0.6253313645271076
 165 0.9174524894289993 0.005871910248356435 0.5087379804635267
 166 0.9233243996773557 0.005871910248356435 0.3090394923759383
 167 0.9304079954019019 0.007083595724546176 0.5162591522361049
 168 0.9379289213255874 0.007520925923685528 0.26682181605502037
 170 0.9455696361672528 0.0076407148416653735 0.5484950782480409
 171 0.9532103510089182 0.0076407148416653735 0.4471266890701131
 172 0.9616191778713046 0.008408826862386424 0.5475256391753808
 174 0.9675413011470777 0.005922123275773149 0.47171691046676406
 175 0.9734634244228508 0.005922123275773149 0.11713402163224201
 177 0.9810225623917228 0.007559137968871969 0.5497765028765319
 178 0.9885817003605948 0.007559137968871969 0.7936046477616416
 179 0.9942908501802974 0.005709149819702608 0.11584026035313652
 180 1.0 0.005709149819702608 0.07214706040730566
