 1 0.18051601762855063 0.18051601762855063 0.22595790216267
 4 0.18763490224324397 0.007118884614693341 0.18763502019818964
 5 0.19475378685793732 0.007118884614693341 0.17651479150905247
 6 0.20263170248502316 0.007877915627085853 0.21146780629322662
 7 0.21128483407272716 0.008653131587704 0.4426973710576601
 9 0.21839934141013126 0.007114507337404084 0.3327944993924348
 10 0.22551384874753536 0.007114507337404084 0.45210060991425904
 11 0.23267695860218685 0.007163109854651481 0.441496365161943
 12 0.2397627198052219 0.00708576120303507 0.34254715073558084
 13 0.24689459159863625 0.007131871793414345 0.39122632780055844
 14 0.25412731143880124 0.007232719840164966 0.43504826418207193
 15 0.2613535333114143 0.007226221872613074 0.4586175430307028
 16 0.2685019041539842 0.0071483708425698934 0.5104427638048352
 17 0.27550298405761864 0.00700107990363442 0.40082078156124945
 18 0.28241777439230786 0.006914790334689209 0.5204484224429072
 19 0.2892390579771398 0.006821283584831912 0.5713929333416062
 20 0.29582064595751395 0.00658158798037419 0.3919956617912781
 21 0.302284438186254 0.006463792228740059 0.3068967984344926
 22 0.30888399773529707 0.006599559549043094 0.20584554404997324
 23 0.31589884297254306 0.0070148452372460176 0.2975466482903453
 24 0.32336952454637663 0.007470681573833544 0.45661978128474234
 25 0.3309393484069556 0.007569823860578952 0.6355242988810362
 26 0.3382543473284483 0.007314998921492686 0.7875342993098979
 28 0.34356555409219297 0.0053112067637447104 0.3205128473647937
 29 0.34887676085593766 0.0053112067637447104 0.17474607278044912
 30 0.35456477051397417 0.005688009658036505 0.09854744437491256
 31 0.36112078924616087 0.00655601873218669 0.12495032001596176
 32 0.36883631683273843 0.007715527586577578 0.3606706671433932
 33 0.37721207645426413 0.008375759621525702 0.9282587938394211
 35 0.3829300577385656 0.005717981284301457 0.2968601833573886
 36 0.38864803902286704 0.005717981284301457 0.17405308808320122
 37 0.39480257968184984 0.006154540658982785 0.13767794997033023
 38 0.40175202017314066 0.0069494404912907905 0.2587215821329365
 39 0.4094076207176716 0.007655600544530951 0.4029336294357666
 40 0.41729429956036723 0.007886678842695635 0.5834868568060307
 41 0.4250164000403611 0.007722100479993877 0.912832202354816
 43 0.4305145728721546 0.005498172831793497 0.32893153224082305
 44 0.4360127457039481 0.005498172831793497 0.22811821650267283
 45 0.4417944325961292 0.005781686892181112 0.21179549823650734
 46 0.4480436703864596 0.006249237790330364 0.15661409624921058
 47 0.45495856790413486 0.006914897517675261 0.2104032094329438
 48 0.46261317626370796 0.007654608359573083 0.5293133072032963
 49 0.4704663377829324 0.007853161519224461 0.8129844690176873
 51 0.47613471008368086 0.005668372300748456 0.3153449704426015
 52 0.4818030823844293 0.005668372300748456 0.13365045748766213
 53 0.4879822755496296 0.00617919316520029 0.20294378812100175
 54 0.4949059407892555 0.0069236652396258815 0.42332078849435395
 55 0.5021253309800763 0.0072193901908208435 0.4412148260861576
 56 0.5092964682943312 0.007171137314254885 0.27119417485621977
 57 0.5166206993063812 0.0073242310120500064 0.46267713406103145
 58 0.5240791205663134 0.007458421259932271 0.8643813813474799
 59 0.5311434927878543 0.007064372221540837 0.9219542615949281
 60 0.5375528130885766 0.006409320300722271 0.39288691200500603
 61 0.543661176161196 0.006108363072619471 0.3110766104421426
 62 0.549891686489638 0.006230510328442065 0.2576916597716872
 63 0.5564164832546387 0.0065247967650005675 0.27968830380579995
 64 0.563295012590379 0.006878529335740284 0.2871069228552232
 65 0.5704976590398837 0.007202646449504702 0.3238412680372776
 66 0.5779709475573285 0.007473288517444794 0.5422625337695407
 67 0.585422948164378 0.00745200060704951 0.8219313653631074
 68 0.5924336346450919 0.007010686480713892 0.6462985038991876
 69 0.5989572642271432 0.00652362958205129 0.34453999869436447
 70 0.6053664806336834 0.006409216406540131 0.2649717751422697
 71 0.6120241227543345 0.0066576421206511445 0.30671694957257384
 72 0.6189902421094403 0.00696611935510587 0.30738734545545043
 73 0.626211829939757 0.007221587830316648 0.37843884453175985
 74 0.6336005999144523 0.007388769974695283 0.37441411315896794
 75 0.6410678010946795 0.007467201180227203 0.6923263968516674
 76 0.648334708385142 0.0072669072904624635 0.8795391353282442
 77 0.6550393784742066 0.006704670089064612 0.6299067523621383
 78 0.6612618970484191 0.006222518574212511 0.33804509348184214
 79 0.6673923933204207 0.006130496272001522 0.1829397989274961
 80 0.6739173313056904 0.0065249379852697605 0.2502430396255486
 81 0.6809936818671937 0.007076350561503218 0.45688037643663326
 82 0.6882416879107714 0.007248006043577751 0.4885816957167061
 83 0.6953614833032326 0.0071197953924611495 0.32727732267860954
 84 0.702502691363628 0.007141208060395391 0.23208681950489432
 85 0.7100064140196348 0.007503722656006842 0.45398199092750363
 86 0.7177314906446999 0.007725076625065065 0.7650380864664369
 87 0.7251131841916816 0.007381693546981664 0.6816369807201399
 88 0.7319899807987628 0.006876796607081206 0.3302142031167217
 89 0.7387416256479189 0.006751644849156112 0.44187628724290706
 90 0.7455524319768566 0.006810806328937694 0.3598008729886034
 91 0.7523861702435344 0.006833738266677758 0.4442881460423675
 92 0.759240585319859 0.006854415076324667 0.3411513579409944
 93 0.7661386481356167 0.006898062815757621 0.2684415428730869
 94 0.7733026854385591 0.007164037302942333 0.3851167114181332
 95 0.7806868128744985 0.007384127435939366 0.6092738225918585
 96 0.7879177436103021 0.007230930735803596 0.49078825132184084
 97 0.7948921813639682 0.006974437753666116 0.3232862340676757
 98 0.801890989836748 0.006998808472779801 0.5020309595442054
 99 0.8089043193636152 0.007013329526867179 0.5528830302281244
 100 0.8157004248838001 0.006796105520184934 0.5470765250021608
 101 0.8222507717615637 0.006550346877763528 0.3250269580308084
 102 0.828777361709545 0.006526589947981234 0.16631793640338347
 103 0.8357824622183242 0.007005100508779205 0.12401824046830201
 104 0.8437664710839434 0.007984008865619237 0.6305975549128368
 106 0.8503869318843428 0.006620460800399387 0.34668131503873834
 107 0.8570073926847421 0.006620460800399387 0.15412984754404466
 108 0.8641183967039101 0.007111004019167979 0.11784430711439009
 109 0.8722874591102261 0.008169062406315942 0.34730020841057324
 110 0.8812090115312331 0.008921552421007018 0.9796904285790999
 112 0.8864622053301078 0.005253193798874716 0.2641659167598123
 113 0.8917153991289825 0.005253193798874716 0.09108981190060635
 114 0.897645547219462 0.0059301480904795055 0.09169946690819358
 115 0.9047943639812768 0.007148816761814781 0.1735255867651805
 116 0.9130746783627836 0.0082803143815068 0.35770073065763947
 118 0.9198831245453987 0.006808446182615093 0.3181212950028529
 119 0.9266915707280138 0.006808446182615093 0.2782266076344712
 120 0.9337776120816006 0.0070860413535867965 0.25412019654757867
 121 0.9412567743211505 0.007479162239549916 0.27613893785439547
 122 0.9491545811650145 0.007897806843863944 0.391954209247278
 123 0.9572717216191796 0.008117140454165098 0.8302335030823577
 125 0.9633929197805008 0.0061211981613211505 0.3232866626517695
 126 0.969514117941822 0.0061211981613211505 0.2747101447829101
 127 0.9758835426387202 0.0063694246968982815 0.25205267508811713
 128 0.9826151074201547 0.006731564781434462 0.1888348188665991
 129 0.9898978391472429 0.007282731727088293 0.18530194102631103
 130 0.9949489195736214 0.005051080426378529 0.051631123430885675
 131 1.0 0.005051080426378585 0.020490583970034924
