 1 0.7166453222753773 0.7166453222753773 0.4977227514120559
 4 0.7235145721391871 0.006869249863809837 0.5487258268686254
 5 0.730383822002997 0.006869249863809837 0.5378706530452935
 6 0.7376028348350878 0.007219012832090788 0.7245246263263782
 7 0.7446450222784303 0.007042187443342501 0.543825264442613
 8 0.7520254480718785 0.007380425793448228 0.7399226266689403
 9 0.7591873491567548 0.007161901084876203 0.8615770923425617
 10 0.765877845608473 0.0066904964517183 0.8152066454918501
 11 0.7722149310052104 0.006337085396737339 0.4594706892217518
 12 0.7791418625295133 0.006926931524302939 0.6587870171145254
 13 0.7860617199471243 0.006919857417610962 0.7589259654151294
 14 0.7927342650196755 0.00667254507255124 0.7146049159269421
 15 0.7992658393617044 0.0065315743420288905 0.5697408304134102
 16 0.806031955216423 0.006766115854718685 0.579242009181323
 17 0.8130121222550813 0.0069801670386583645 0.7743968405543755
 18 0.819708962750105 0.0066968404950236 0.7921087931447331
 19 0.8260977723936214 0.00638880964351636 0.599840109433873
 20 0.8326313818358966 0.006533609442275227 0.5286312880622513
 21 0.8395274509838097 0.006896069147913119 0.8389177462545568
 22 0.8460126366597301 0.006485185675920444 0.6851437686630848
 23 0.8524279746483687 0.0064153379886385765 0.5106870326133167
 24 0.8592578718495676 0.006829897201198821 0.6234825192446095
 25 0.8661753935567299 0.00691752170716236 0.9136483448706414
 26 0.87254361225054 0.0063682186938100556 0.6941781824401259
 27 0.8788226463206921 0.006279034070152036 0.4489795099843269
 28 0.8857257812632064 0.006903134942514359 0.5336934725736736
 29 0.8929945489879537 0.007268767724747261 0.8376880345284701
 31 0.8990736230085425 0.006079074020588787 0.5835657653135758
 32 0.9051526970291314 0.006079074020588787 0.38789816443728237
 33 0.9120839683804655 0.006931271351334079 0.38012522318110487
 34 0.9200268002667185 0.007942831886253025 0.9021341396225554
 36 0.9261821162379261 0.0061553159712077 0.5513139170030041
 37 0.9323374322091338 0.0061553159712077 0.5075678277278665
 38 0.938900538916787 0.0065631067076532944 0.4545617745046662
 39 0.9460937780097112 0.007193239092924179 0.41341777883793923
 41 0.9532559752348586 0.007162197225147444 0.5833397918420415
 42 0.960418172460006 0.007162197225147444 0.783250887803563
 43 0.9672701611228309 0.006851988662824838 0.9188481249305033
 44 0.9735691221950475 0.006298961072216666 0.5901214932715206
 45 0.980037202354102 0.006468080159054402 0.41488559143010917
 46 0.9872895430158262 0.00725234066172425 0.5273698769612406
 47 0.9936447715079131 0.006355228492086917 0.3764807247074817
 48 1.0 0.006355228492086917 0.3703886240030367
