0.00000e+00
8.38117e-09
7.47155e-09
4.72637e-09
5.60461e-09
5.64343e-09
6.65638e-09
6.88402e-09
3.95663e-09
4.71785e-09
4.04449e-09
4.84844e-09
5.48843e-09
3.83071e-09
4.02139e-09
4.22599e-09
4.20910e-09
4.62157e-09
3.90264e-09
3.95836e-09
4.07185e-09
4.08235e-09
4.03761e-09
3.91203e-09
3.93811e-09
4.00875e-09
4.02387e-09
3.96812e-09
3.91503e-09
3.92227e-09
3.96264e-09
3.96837e-09
3.92136e-09
3.87487e-09
3.88778e-09
3.95204e-09
3.99455e-09
3.94589e-09
3.80656e-09
3.65263e-09
3.58711e-09
3.67804e-09
3.91375e-09
4.20193e-09
4.40754e-09
4.42023e-09
4.21537e-09
3.86619e-09
3.50216e-09
3.56435e-09
3.56823e-09
3.43223e-09
3.59216e-09
3.83861e-09
4.01597e-09
4.08673e-09
4.05535e-09
3.95710e-09
3.83891e-09
3.74055e-09
3.68189e-09
3.66320e-09
3.67257e-09
3.69484e-09
3.71693e-09
3.73116e-09
3.73527e-09
3.73049e-09
3.71984e-09
3.70556e-09
3.69012e-09
3.67738e-09
3.67157e-09
3.67455e-09
3.68216e-09
3.68387e-09
3.66954e-09
3.63904e-09
3.60466e-09
3.58809e-09
3.60946e-09
3.67179e-09
3.75315e-09
3.81291e-09
3.80777e-09
3.71285e-09
3.54192e-09
3.36076e-09
3.31756e-09
3.28064e-09
3.28958e-09
3.46019e-09
3.67622e-09
3.88651e-09
4.02597e-09
4.03365e-09
3.92340e-09
3.73726e-09
3.55293e-09
3.42472e-09
3.35913e-09
3.35943e-09
3.41055e-09
3.48739e-09
3.56372e-09
3.62033e-09
3.64825e-09
3.64857e-09
3.62952e-09
3.60249e-09
3.57825e-09
3.56376e-09
3.56083e-09
3.56588e-09
3.57246e-09
3.57431e-09
3.56967e-09
3.56233e-09
3.55981e-09
3.56914e-09
3.59063e-09
3.61585e-09
3.63013e-09
3.61900e-09
3.57628e-09
3.51073e-09
3.44430e-09
3.40622e-09
3.42032e-09
3.49755e-09
3.62348e-09
3.76414e-09
3.87603e-09
3.92193e-09
3.88227e-09
3.76235e-09
3.58618e-09
3.40290e-09
3.26483e-09
3.29288e-09
3.25285e-09
3.33083e-09
3.46681e-09
3.60435e-09
3.71106e-09
3.76831e-09
3.77143e-09
3.73204e-09
3.66858e-09
3.60191e-09
3.54877e-09
3.51810e-09
3.51028e-09
3.51918e-09
3.53622e-09
3.55398e-09
3.56867e-09
3.57996e-09
3.58912e-09
3.59674e-09
3.60115e-09
3.59883e-09
3.58649e-09
3.56440e-09
3.53822e-09
3.51843e-09
3.51659e-09
3.53988e-09
3.58716e-09
3.64643e-09
3.69777e-09
3.72034e-09
3.69801e-09
3.62902e-09
3.52573e-09
3.41403e-09
3.32589e-09
3.28875e-09
3.31450e-09
3.40172e-09
3.53470e-09
3.67631e-09
3.79297e-09
3.85654e-09
3.85678e-09
3.80055e-09
3.70545e-09
3.59708e-09
3.50075e-09
3.43556e-09
3.40993e-09
3.42050e-09
3.45717e-09
3.50607e-09
3.55368e-09
3.59072e-09
3.61314e-09
3.62133e-09
3.61821e-09
3.60693e-09
3.59025e-09
3.57027e-09
3.54975e-09
3.53332e-09
3.52622e-09
3.53229e-09
3.55260e-09
3.58316e-09
3.61471e-09
3.63488e-09
3.63248e-09
3.60212e-09
3.54760e-09
3.48262e-09
3.42679e-09
3.40110e-09
3.41983e-09
3.48641e-09
3.58878e-09
3.70365e-09
3.80087e-09
3.85434e-09
3.84805e-09
3.77881e-09
3.66026e-09
3.52287e-09
3.39679e-09
3.30900e-09
3.27539e-09
3.29928e-09
3.36932e-09
3.46588e-09
3.56627e-09
3.64949e-09
3.70217e-09
3.71949e-09
3.70564e-09
3.66957e-09
3.62247e-09
3.57548e-09
3.53677e-09
3.51165e-09
3.50239e-09
3.50844e-09
3.52722e-09
3.55346e-09
3.58058e-09
3.60088e-09
3.60751e-09
3.59780e-09
3.57349e-09
3.54124e-09
3.51165e-09
3.49624e-09
3.50356e-09
3.53619e-09
3.58810e-09
3.64604e-09
3.69218e-09
3.71010e-09
3.68918e-09
3.62890e-09
3.53991e-09
3.44271e-09
3.36072e-09
3.31557e-09
3.31873e-09
3.37227e-09
3.46611e-09
3.57880e-09
3.68649e-09
3.76785e-09
3.80696e-09
3.79889e-09
3.74951e-09
3.67321e-09
3.58808e-09
3.51113e-09
3.45515e-09
3.42681e-09
3.42655e-09
3.44960e-09
3.48797e-09
3.53207e-09
3.57308e-09
3.60359e-09
3.61866e-09
3.61656e-09
3.59889e-09
3.57135e-09
3.54161e-09
3.51918e-09
3.51136e-09
3.52237e-09
3.54985e-09
3.58597e-09
3.61870e-09
3.63559e-09
3.62710e-09
3.59133e-09
3.53420e-09
3.46948e-09
3.41614e-09
3.39109e-09
3.40621e-09
3.46350e-09
3.55345e-09
3.65709e-09
3.75056e-09
3.81180e-09
3.82555e-09
3.78751e-09
3.70244e-09
3.59047e-09
3.47447e-09
3.37622e-09
3.31389e-09
3.29813e-09
3.32799e-09
3.39189e-09
3.47568e-09
3.56163e-09
3.63394e-09
3.68122e-09
3.69848e-09
3.68725e-09
3.65428e-09
3.60859e-09
3.56124e-09
3.52257e-09
3.49997e-09
3.49650e-09
3.51068e-09
3.53639e-09
3.56479e-09
3.58674e-09
3.59407e-09
3.58308e-09
3.55698e-09
3.52424e-09
3.49612e-09
3.48367e-09
3.49435e-09
3.52949e-09
3.58153e-09
3.63841e-09
3.68336e-09
3.70266e-09
3.68649e-09
3.63405e-09
3.55476e-09
3.46437e-09
3.38317e-09
3.32937e-09
3.31601e-09
3.34648e-09
3.41457e-09
3.50841e-09
3.61015e-09
3.70104e-09
3.76253e-09
3.78362e-09
3.76544e-09
3.71381e-09
3.64110e-09
3.56251e-09
3.49256e-09
3.44280e-09
3.41963e-09
3.42416e-09
3.45146e-09
3.49304e-09
3.53828e-09
3.57705e-09
3.60047e-09
3.60473e-09
3.59085e-09
3.56475e-09
3.53573e-09
3.51373e-09
3.50658e-09
3.52003e-09
3.54987e-09
3.58704e-09
3.61893e-09
3.63354e-09
3.62234e-09
3.58381e-09
3.52533e-09
3.46008e-09
3.40530e-09
3.37675e-09
3.38558e-09
3.43471e-09
3.51667e-09
3.61604e-09
3.71160e-09
3.78295e-09
3.81435e-09
3.79961e-09
3.73877e-09
3.64417e-09
3.53181e-09
3.42432e-09
3.33892e-09
3.29408e-09
3.29535e-09
3.33694e-09
3.40926e-09
3.49502e-09
3.57857e-09
3.64436e-09
3.68252e-09
3.68969e-09
3.66845e-09
3.62816e-09
3.57940e-09
3.53577e-09
3.50588e-09
3.49529e-09
3.50390e-09
3.52567e-09
3.55214e-09
3.57308e-09
3.58055e-09
3.56825e-09
3.54141e-09
3.50732e-09
3.47903e-09
3.46684e-09
3.47829e-09
3.51478e-09
3.56905e-09
3.62970e-09
3.67987e-09
3.70598e-09
3.69694e-09
3.65292e-09
3.57750e-09
3.48666e-09
3.39761e-09
3.32983e-09
3.29773e-09
3.30806e-09
3.36021e-09
3.44539e-09
3.54750e-09
3.64750e-09
3.73047e-09
3.77745e-09
3.78390e-09
3.74923e-09
3.68528e-09
3.60439e-09
3.52292e-09
3.45687e-09
3.41514e-09
3.40486e-09
3.42150e-09
3.45960e-09
3.50606e-09
3.55046e-09
3.57983e-09
3.59116e-09
3.58200e-09
3.55909e-09
3.53066e-09
3.50817e-09
3.50064e-09
3.51347e-09
3.54474e-09
3.58361e-09
3.61922e-09
3.63660e-09
3.62936e-09
3.59114e-09
3.53139e-09
3.45970e-09
3.39577e-09
3.35489e-09
3.35054e-09
3.38798e-09
3.46347e-09
3.56432e-09
3.66991e-09
3.76042e-09
3.81526e-09
3.82567e-09
3.78574e-09
3.70222e-09
3.59036e-09
3.46948e-09
3.36554e-09
3.29222e-09
3.26591e-09
3.28464e-09
3.34386e-09
3.42833e-09
3.52083e-09
3.60357e-09
3.66123e-09
3.68819e-09
3.68054e-09
3.64984e-09
3.60164e-09
3.55532e-09
3.51682e-09
3.49764e-09
3.49797e-09
3.51379e-09
3.53671e-09
3.55649e-09
3.56624e-09
3.55536e-09
3.53166e-09
3.49631e-09
3.46731e-09
3.45063e-09
3.45725e-09
3.49129e-09
3.54445e-09
3.60984e-09
3.66853e-09
3.70733e-09
3.71323e-09
3.68187e-09
3.61388e-09
3.52271e-09
3.42362e-09
3.33759e-09
3.28158e-09
3.26762e-09
3.29915e-09
3.37271e-09
3.47644e-09
3.58794e-09
3.68997e-09
3.76316e-09
3.79496e-09
3.78260e-09
3.72998e-09
3.65150e-09
3.56192e-09
3.48030e-09
3.42078e-09
3.39148e-09
3.39407e-09
3.42343e-09
3.46758e-09
3.51479e-09
3.55220e-09
3.57231e-09
3.57149e-09
3.55473e-09
3.52949e-09
3.50723e-09
3.49769e-09
3.50728e-09
3.53593e-09
3.57422e-09
3.61296e-09
3.63504e-09
3.63310e-09
3.60168e-09
3.54303e-09
3.46923e-09
3.39539e-09
3.34157e-09
3.32011e-09
3.34212e-09
3.40584e-09
3.50396e-09
3.61645e-09
3.72381e-09
3.80358e-09
3.83940e-09
3.82492e-09
3.75856e-09
3.65105e-09
3.52359e-09
3.40187e-09
3.30290e-09
3.24797e-09
3.24100e-09
3.28164e-09
3.35841e-09
3.45322e-09
3.54827e-09
3.62411e-09
3.67155e-09
3.68344e-09
3.66548e-09
3.62611e-09
3.57900e-09
3.53582e-09
3.50688e-09
3.49736e-09
3.50284e-09
3.52025e-09
3.53658e-09
3.54561e-09
3.53887e-09
3.51698e-09
3.48575e-09
3.45401e-09
3.43567e-09
3.43772e-09
3.46648e-09
3.51778e-09
3.58427e-09
3.64994e-09
3.70086e-09
3.72090e-09
3.70317e-09
3.64755e-09
3.55900e-09
3.45658e-09
3.35559e-09
3.27955e-09
3.24234e-09
3.25054e-09
3.30811e-09
3.40536e-09
3.52140e-09
3.63622e-09
3.73087e-09
3.78495e-09
3.79644e-09
3.76149e-09
3.69383e-09
3.60588e-09
3.51615e-09
3.44328e-09
3.39556e-09
3.38176e-09
3.39617e-09
3.43118e-09
3.47537e-09
3.51618e-09
3.54149e-09
3.55118e-09
3.54275e-09
3.52529e-09
3.50791e-09
3.49736e-09
3.50657e-09
3.53122e-09
3.56723e-09
3.60508e-09
3.63093e-09
3.63300e-09
3.60819e-09
3.55446e-09
3.48080e-09
3.40416e-09
3.33715e-09
3.30354e-09
3.30786e-09
3.35675e-09
3.44588e-09
3.55874e-09
3.67468e-09
3.77406e-09
3.83383e-09
3.84513e-09
3.80502e-09
3.70749e-09
3.58516e-09
3.45352e-09
3.33564e-09
3.25652e-09
3.22119e-09
3.23895e-09
3.29903e-09
3.38637e-09
3.48393e-09
3.57348e-09
3.63650e-09
3.67077e-09
3.67086e-09
3.64517e-09
3.60672e-09
3.56322e-09
3.52991e-09
3.51023e-09
3.50405e-09
3.51237e-09
3.52209e-09
3.52543e-09
3.52104e-09
3.50111e-09
3.47231e-09
3.44404e-09
3.42292e-09
3.42333e-09
3.44662e-09
3.49413e-09
3.56019e-09
3.62855e-09
3.68735e-09
3.72038e-09
3.71604e-09
3.67437e-09
3.59506e-09
3.49131e-09
3.38508e-09
3.29233e-09
3.23225e-09
3.21869e-09
3.25565e-09
3.33803e-09
3.45138e-09
3.57336e-09
3.68287e-09
3.75927e-09
3.79454e-09
3.78340e-09
3.72937e-09
3.65075e-09
3.55984e-09
3.47576e-09
3.41481e-09
3.38122e-09
3.37835e-09
3.40028e-09
3.43559e-09
3.47461e-09
3.50422e-09
3.52146e-09
3.52466e-09
3.51385e-09
3.50409e-09
3.49820e-09
3.50495e-09
3.52867e-09
3.56197e-09
3.59838e-09
3.62594e-09
3.63303e-09
3.61330e-09
3.56496e-09
3.49390e-09
3.41395e-09
3.33879e-09
3.29089e-09
3.28058e-09
3.31212e-09
3.39024e-09
3.49729e-09
3.61870e-09
3.73294e-09
3.81427e-09
3.85037e-09
3.83264e-09
3.75802e-09
3.64351e-09
3.51036e-09
3.38150e-09
3.28066e-09
3.21999e-09
3.21928e-09
3.24781e-09
3.31949e-09
3.41496e-09
3.50903e-09
3.58625e-09
3.64036e-09
3.66088e-09
3.65363e-09
3.62735e-09
3.58989e-09
3.55527e-09
3.52901e-09
3.51408e-09
3.51071e-09
3.51119e-09
3.50929e-09
3.50198e-09
3.48242e-09
3.45532e-09
3.42829e-09
3.40774e-09
3.40418e-09
3.42468e-09
3.46894e-09
3.53207e-09
3.60451e-09
3.67002e-09
3.71396e-09
3.72500e-09
3.69503e-09
3.62704e-09
3.52887e-09
3.41789e-09
3.31415e-09
3.23605e-09
3.22956e-09
3.21481e-09
3.27759e-09
3.38121e-09
3.50347e-09
3.62115e-09
3.71703e-09
3.77607e-09
3.78855e-09
3.75765e-09
3.69208e-09
3.60634e-09
3.51866e-09
3.44396e-09
3.39440e-09
3.37296e-09
3.37692e-09
3.40057e-09
3.43273e-09
3.46306e-09
3.48513e-09
3.49645e-09
3.49682e-09
3.49326e-09
3.49318e-09
3.50297e-09
3.52479e-09
3.55714e-09
3.59283e-09
3.62091e-09
3.63230e-09
3.61754e-09
3.57384e-09
3.50672e-09
3.42476e-09
3.34570e-09
3.28467e-09
3.25791e-09
3.27594e-09
3.33693e-09
3.43730e-09
3.55846e-09
3.67948e-09
3.78088e-09
3.84118e-09
3.84724e-09
3.79750e-09
3.69900e-09
3.56973e-09
3.43627e-09
3.31680e-09
3.23377e-09
3.22248e-09
3.20760e-09
3.26218e-09
3.34465e-09
3.43922e-09
3.52854e-09
3.59665e-09
3.63918e-09
3.65335e-09
3.64076e-09
3.61596e-09
3.58376e-09
3.55358e-09
3.53208e-09
3.51662e-09
3.50796e-09
3.49968e-09
3.48411e-09
3.46526e-09
3.43945e-09
3.41108e-09
3.39337e-09
3.38851e-09
3.40466e-09
3.44622e-09
3.50623e-09
3.57906e-09
3.64981e-09
3.70137e-09
3.72616e-09
3.70946e-09
3.65357e-09
3.56628e-09
3.45501e-09
3.34460e-09
3.25330e-09
3.22813e-09
3.22575e-09
3.22998e-09
3.31715e-09
3.43374e-09
3.55602e-09
3.66570e-09
3.74480e-09
3.77929e-09
3.77417e-09
3.72648e-09
3.65033e-09
3.56711e-09
3.48448e-09
3.41984e-09
3.38195e-09
3.36610e-09
3.37500e-09
3.39670e-09
3.42166e-09
3.44784e-09
3.46405e-09
3.47399e-09
3.48048e-09
3.48601e-09
3.50102e-09
3.52516e-09
3.55499e-09
3.59213e-09
3.61986e-09
3.63171e-09
3.62264e-09
3.58246e-09
3.51886e-09
3.43955e-09
3.35457e-09
3.28675e-09
3.24852e-09
3.24947e-09
3.29735e-09
3.38556e-09
3.50117e-09
3.62681e-09
3.73773e-09
3.81893e-09
3.84936e-09
3.82059e-09
3.74537e-09
3.62843e-09
3.49289e-09
3.36715e-09
3.26443e-09
3.20358e-09
3.22143e-09
3.21802e-09
3.28494e-09
3.37086e-09
3.46221e-09
3.54349e-09
3.60110e-09
3.63554e-09
3.64485e-09
3.63160e-09
3.60879e-09
3.58106e-09
3.55461e-09
3.53193e-09
3.51299e-09
3.49543e-09
3.47412e-09
3.44841e-09
3.42070e-09
3.39236e-09
3.37153e-09
3.36658e-09
3.38084e-09
3.41858e-09
3.47871e-09
3.55155e-09
3.62502e-09
3.68642e-09
3.72160e-09
3.71856e-09
3.67429e-09
3.59623e-09
3.49141e-09
3.37615e-09
3.27395e-09
3.21231e-09
3.23578e-09
3.19600e-09
3.25981e-09
3.36390e-09
3.48554e-09
3.60319e-09
3.69776e-09
3.75655e-09
3.77346e-09
3.74801e-09
3.68891e-09
3.61102e-09
3.52812e-09
3.45400e-09
3.39867e-09
3.36725e-09
3.35763e-09
3.36593e-09
3.38428e-09
3.40529e-09
3.42478e-09
3.44133e-09
3.45432e-09
3.46894e-09
3.49004e-09
3.51710e-09
3.55125e-09
3.58741e-09
3.61794e-09
3.63400e-09
3.62648e-09
3.59252e-09
3.53245e-09
3.45186e-09
3.36658e-09
3.28935e-09
3.23726e-09
3.22489e-09
3.25638e-09
3.33096e-09
3.44019e-09
3.56575e-09
3.68734e-09
3.78460e-09
3.83792e-09
3.83733e-09
3.78158e-09
3.68148e-09
3.55320e-09
3.41971e-09
3.30311e-09
3.21851e-09
3.21631e-09
3.21072e-09
3.22804e-09
3.30243e-09
3.39242e-09
3.48011e-09
3.55340e-09
3.60651e-09
3.63407e-09
3.63951e-09
3.62826e-09
3.60641e-09
3.57931e-09
3.55164e-09
3.52618e-09
3.49899e-09
3.46925e-09
3.43893e-09
3.40546e-09
3.37296e-09
3.35183e-09
3.34367e-09
3.35458e-09
3.39084e-09
3.44875e-09
3.52234e-09
3.60020e-09
3.66945e-09
3.71498e-09
3.72564e-09
3.69632e-09
3.62879e-09
3.52937e-09
3.41434e-09
3.30370e-09
3.21382e-09
3.23959e-09
3.23020e-09
3.20920e-09
3.29868e-09
3.41563e-09
3.53713e-09
3.64512e-09
3.72519e-09
3.76412e-09
3.76294e-09
3.72361e-09
3.65565e-09
3.57613e-09
3.49653e-09
3.42761e-09
3.37988e-09
3.35254e-09
3.34453e-09
3.35207e-09
3.36652e-09
3.38636e-09
3.40625e-09
3.42489e-09
3.44954e-09
3.47451e-09
3.50634e-09
3.54794e-09
3.58609e-09
3.61700e-09
3.63922e-09
3.63532e-09
3.60612e-09
3.54977e-09
3.47014e-09
3.38324e-09
3.29763e-09
3.23506e-09
3.20755e-09
3.22187e-09
3.28362e-09
3.38327e-09
3.50253e-09
3.63235e-09
3.74561e-09
3.81888e-09
3.84529e-09
3.81526e-09
3.73354e-09
3.61660e-09
3.48160e-09
3.35448e-09
3.24976e-09
3.19839e-09
3.23088e-09
3.20199e-09
3.24070e-09
3.32462e-09
3.41445e-09
3.49867e-09
3.56881e-09
3.61613e-09
3.64032e-09
3.64306e-09
3.63118e-09
3.61025e-09
3.57948e-09
3.54614e-09
3.51475e-09
3.47597e-09
3.43472e-09
3.39594e-09
3.35952e-09
3.33178e-09
3.31853e-09
3.32887e-09
3.36204e-09
3.41491e-09
3.49133e-09
3.57391e-09
3.64732e-09
3.70657e-09
3.73153e-09
3.71365e-09
3.65826e-09
3.56897e-09
3.45541e-09
3.33585e-09
3.23509e-09
3.23274e-09
3.24520e-09
3.20066e-09
3.24110e-09
3.34473e-09
3.46535e-09
3.58610e-09
3.68081e-09
3.74082e-09
3.76476e-09
3.74714e-09
3.69408e-09
3.62201e-09
3.54369e-09
3.46541e-09
3.40002e-09
3.35930e-09
3.33368e-09
3.32331e-09
3.33226e-09
3.34680e-09
3.36401e-09
3.38961e-09
3.41869e-09
3.45133e-09
3.48891e-09
3.53526e-09
3.57966e-09
3.61557e-09
3.64145e-09
3.64558e-09
3.61879e-09
3.56740e-09
3.49186e-09
3.40003e-09
3.30907e-09
3.23533e-09
3.19163e-09
3.18906e-09
3.23520e-09
3.32207e-09
3.43851e-09
3.56959e-09
3.69368e-09
3.78829e-09
3.83835e-09
3.83549e-09
3.77580e-09
3.67317e-09
3.54537e-09
3.40979e-09
3.28915e-09
3.19983e-09
3.22523e-09
3.23058e-09
3.18466e-09
3.25408e-09
3.34068e-09
3.43299e-09
3.51654e-09
3.58113e-09
3.62618e-09
3.64887e-09
3.64887e-09
3.63431e-09
3.60854e-09
3.57216e-09
3.53000e-09
3.48762e-09
3.43913e-09
3.38872e-09
3.34614e-09
3.31122e-09
3.29206e-09
3.29642e-09
3.32525e-09
3.37816e-09
3.45163e-09
3.53744e-09
3.62087e-09
3.68742e-09
3.72787e-09
3.72849e-09
3.68405e-09
3.60459e-09
3.49745e-09
3.37535e-09
3.26253e-09
3.20371e-09
3.25069e-09
3.23554e-09
3.18042e-09
3.27217e-09
3.38961e-09
3.51248e-09
3.62385e-09
3.70696e-09
3.75315e-09
3.75937e-09
3.72670e-09
3.66638e-09
3.59032e-09
3.50729e-09
3.43153e-09
3.37231e-09
3.32877e-09
3.30551e-09
3.29887e-09
3.30457e-09
3.32409e-09
3.34917e-09
3.38103e-09
3.42063e-09
3.46698e-09
3.51792e-09
3.56915e-09
3.61322e-09
3.64499e-09
3.65400e-09
3.63571e-09
3.58795e-09
3.51447e-09
3.42420e-09
3.32767e-09
3.24053e-09
3.18274e-09
3.18520e-09
3.19230e-09
3.26364e-09
3.37384e-09
3.50497e-09
3.63701e-09
3.75185e-09
3.82408e-09
3.84596e-09
3.81377e-09
3.73060e-09
3.60895e-09
3.47300e-09
3.34296e-09
3.23121e-09
3.20510e-09
3.25031e-09
3.23268e-09
3.19067e-09
3.26967e-09
3.36436e-09
3.45669e-09
3.53888e-09
3.60276e-09
3.64317e-09
3.66137e-09
3.66026e-09
3.63874e-09
3.60191e-09
3.55896e-09
3.50840e-09
3.44976e-09
3.39208e-09
3.34082e-09
3.29624e-09
3.26918e-09
3.26690e-09
3.28898e-09
3.33689e-09
3.41099e-09
3.49827e-09
3.58753e-09
3.66649e-09
3.72083e-09
3.73743e-09
3.70886e-09
3.64357e-09
3.54377e-09
3.42130e-09
3.29964e-09
3.19693e-09
3.24561e-09
3.26120e-09
3.21663e-09
3.20679e-09
3.31402e-09
3.43723e-09
3.56054e-09
3.66250e-09
3.72949e-09
3.76474e-09
3.75648e-09
3.70822e-09
3.64131e-09
3.56104e-09
3.47493e-09
3.39851e-09
3.34133e-09
3.30046e-09
3.27424e-09
3.27204e-09
3.28512e-09
3.30676e-09
3.34021e-09
3.38890e-09
3.43986e-09
3.49228e-09
3.55646e-09
3.60979e-09
3.64497e-09
3.66475e-09
3.65749e-09
3.61580e-09
3.54436e-09
3.45752e-09
3.35734e-09
3.25575e-09
3.18415e-09
3.21366e-09
3.17537e-09
3.20760e-09
3.30898e-09
3.43367e-09
3.56857e-09
3.70164e-09
3.79972e-09
3.84572e-09
3.84230e-09
3.78757e-09
3.68046e-09
3.54371e-09
3.40823e-09
3.27886e-09
3.17347e-09
3.25037e-09
3.27365e-09
3.22889e-09
3.19507e-09
3.28909e-09
3.38814e-09
3.48033e-09
3.56632e-09
3.63019e-09
3.66546e-09
3.67773e-09
3.67048e-09
3.64047e-09
3.59042e-09
3.53587e-09
3.47429e-09
3.40511e-09
3.33971e-09
3.28900e-09
3.25138e-09
3.23498e-09
3.25098e-09
3.29640e-09
3.36398e-09
3.45155e-09
3.54976e-09
3.63986e-09
3.70641e-09
3.74378e-09
3.73818e-09
3.68350e-09
3.59188e-09
3.47879e-09
3.34989e-09
3.22691e-09
3.22890e-09
3.28380e-09
3.26130e-09
3.18264e-09
3.23781e-09
3.35778e-09
3.48236e-09
3.60471e-09
3.70147e-09
3.75672e-09
3.77335e-09
3.75069e-09
3.69384e-09
3.61257e-09
3.52621e-09
3.43761e-09
3.35787e-09
3.30003e-09
3.26091e-09
3.23778e-09
3.23965e-09
3.26175e-09
3.29517e-09
3.33824e-09
3.39902e-09
3.46521e-09
3.53000e-09
3.59152e-09
3.64269e-09
3.67143e-09
3.66992e-09
3.64009e-09
3.57666e-09
3.48759e-09
3.38515e-09
3.27977e-09
3.18821e-09
3.21331e-09
3.21425e-09
3.15212e-09
3.23123e-09
3.35322e-09
3.49424e-09
3.63261e-09
3.75181e-09
3.83328e-09
3.85933e-09
3.82709e-09
3.74257e-09
3.62011e-09
3.47646e-09
3.33312e-09
3.20946e-09
3.22461e-09
3.28539e-09
3.28356e-09
3.21882e-09
3.20192e-09
3.30543e-09
3.41369e-09
3.51209e-09
3.59543e-09
3.65832e-09
3.69055e-09
3.69426e-09
3.67421e-09
3.63134e-09
3.57030e-09
3.50076e-09
3.42552e-09
3.34842e-09
3.28185e-09
3.23532e-09
3.20947e-09
3.20959e-09
3.24784e-09
3.31412e-09
3.40066e-09
3.49957e-09
3.60198e-09
3.68557e-09
3.73731e-09
3.75196e-09
3.71766e-09
3.63869e-09
3.52988e-09
3.40233e-09
3.26959e-09
3.18193e-09
3.27833e-09
3.29951e-09
3.24339e-09
3.15940e-09
3.27163e-09
3.40181e-09
3.53393e-09
3.65009e-09
3.73353e-09
3.77695e-09
3.77847e-09
3.73830e-09
3.66784e-09
3.57803e-09
3.48308e-09
3.38895e-09
3.30857e-09
3.25108e-09
3.21451e-09
3.20013e-09
3.21056e-09
3.24353e-09
3.29135e-09
3.35232e-09
3.42478e-09
3.50060e-09
3.57120e-09
3.63195e-09
3.67259e-09
3.68326e-09
3.66093e-09
3.60765e-09
3.52296e-09
3.41629e-09
3.30605e-09
3.20456e-09
3.20781e-09
3.23648e-09
3.19923e-09
3.17067e-09
3.27731e-09
3.41555e-09
3.56370e-09
3.69811e-09
3.80602e-09
3.86363e-09
3.85981e-09
3.79872e-09
3.69436e-09
3.55336e-09
3.39867e-09
3.25821e-09
3.19044e-09
3.28495e-09
3.31999e-09
3.29043e-09
3.19977e-09
3.22247e-09
3.33663e-09
3.45120e-09
3.55301e-09
3.63901e-09
3.69419e-09
3.71549e-09
3.70737e-09
3.67396e-09
3.61324e-09
3.53576e-09
3.45477e-09
3.36779e-09
3.28476e-09
3.22366e-09
3.18676e-09
3.17661e-09
3.20129e-09
3.26339e-09
3.34888e-09
3.44712e-09
3.55851e-09
3.65852e-09
3.72679e-09
3.75892e-09
3.74904e-09
3.68806e-09
3.58308e-09
3.45885e-09
3.32113e-09
3.19044e-09
3.25725e-09
3.31910e-09
3.30212e-09
3.21858e-09
3.19237e-09
3.31983e-09
3.45396e-09
3.59024e-09
3.70397e-09
3.77262e-09
3.79582e-09
3.78525e-09
3.72977e-09
3.63987e-09
3.53934e-09
3.43672e-09
3.33870e-09
3.25663e-09
3.20230e-09
3.17203e-09
3.16728e-09
3.19571e-09
3.24283e-09
3.30435e-09
3.38190e-09
3.47101e-09
3.55347e-09
3.61914e-09
3.67681e-09
3.70550e-09
3.69199e-09
3.64142e-09
3.56784e-09
3.46373e-09
3.34242e-09
3.23039e-09
3.20396e-09
3.25771e-09
3.24803e-09
3.17313e-09
3.20711e-09
3.33475e-09
3.49254e-09
3.64377e-09
3.76502e-09
3.85056e-09
3.88594e-09
3.85362e-09
3.75884e-09
3.63267e-09
3.48159e-09
3.32091e-09
3.17962e-09
3.27152e-09
3.34545e-09
3.34801e-09
3.28943e-09
3.16849e-09
3.25126e-09
3.38008e-09
3.50386e-09
3.60580e-09
3.68092e-09
3.73450e-09
3.74488e-09
3.71353e-09
3.65847e-09
3.58476e-09
3.49136e-09
3.39257e-09
3.29947e-09
3.22129e-09
3.16642e-09
3.15507e-09
3.16172e-09
3.20893e-09
3.29244e-09
3.39956e-09
3.51272e-09
3.61788e-09
3.70979e-09
3.76356e-09
3.76743e-09
3.72205e-09
3.63798e-09
3.51622e-09
3.37123e-09
3.23232e-09
3.22048e-09
3.31415e-09
3.33324e-09
3.28643e-09
3.16824e-09
3.23131e-09
3.37480e-09
3.51865e-09
3.64693e-09
3.74512e-09
3.80325e-09
3.81025e-09
3.77121e-09
3.69767e-09
3.59832e-09
3.48296e-09
3.36909e-09
3.27357e-09
3.19651e-09
3.15060e-09
3.17772e-09
3.16092e-09
3.18230e-09
3.24508e-09
3.32866e-09
3.42316e-09
3.51682e-09
3.60106e-09
3.66821e-09
3.70598e-09
3.70742e-09
3.67232e-09
3.60044e-09
3.49697e-09
3.37781e-09
3.25561e-09
3.16526e-09
3.25219e-09
3.27556e-09
3.22490e-09
3.13397e-09
3.25438e-09
3.40632e-09
3.56595e-09
3.71130e-09
3.82482e-09
3.88472e-09
3.88154e-09
3.81914e-09
3.70367e-09
3.55208e-09
3.38570e-09
3.22879e-09
3.21867e-09
3.33905e-09
3.38673e-09
3.35586e-09
3.25634e-09
3.16041e-09
3.29226e-09
3.42843e-09
3.55492e-09
3.65752e-09
3.73004e-09
3.76291e-09
3.75307e-09
3.70517e-09
3.62966e-09
3.53561e-09
3.42750e-09
3.31748e-09
3.22317e-09
3.15331e-09
3.17650e-09
3.16398e-09
3.15250e-09
3.23006e-09
3.33492e-09
3.45511e-09
3.57397e-09
3.67877e-09
3.75344e-09
3.78386e-09
3.75805e-09
3.68470e-09
3.57491e-09
3.43215e-09
3.27887e-09
3.16305e-09
3.29702e-09
3.35766e-09
3.34093e-09
3.25322e-09
3.14419e-09
3.28340e-09
3.43896e-09
3.58436e-09
3.70498e-09
3.79271e-09
3.83263e-09
3.81711e-09
3.75672e-09
3.66557e-09
3.54854e-09
3.42080e-09
3.30453e-09
3.20441e-09
3.15186e-09
3.20715e-09
3.21214e-09
3.16259e-09
3.18227e-09
3.26987e-09
3.37076e-09
3.47320e-09
3.57323e-09
3.65718e-09
3.71142e-09
3.72882e-09
3.70835e-09
3.64410e-09
3.54459e-09
3.42765e-09
3.29648e-09
3.16753e-09
3.24443e-09
3.30713e-09
3.28749e-09
3.18564e-09
3.17511e-09
3.32323e-09
3.48695e-09
3.65109e-09
3.78840e-09
3.88018e-09
3.91250e-09
3.88063e-09
3.78242e-09
3.63668e-09
3.47166e-09
3.30053e-09
3.15828e-09
3.31590e-09
3.41847e-09
3.43138e-09
3.35612e-09
3.22053e-09
3.20120e-09
3.34956e-09
3.49388e-09
3.62252e-09
3.71850e-09
3.77769e-09
3.79564e-09
3.76379e-09
3.68765e-09
3.59282e-09
3.48274e-09
3.36025e-09
3.23954e-09
3.15189e-09
3.20663e-09
3.21753e-09
3.16375e-09
3.16548e-09
3.26994e-09
3.39216e-09
3.52496e-09
3.64396e-09
3.73820e-09
3.79435e-09
3.79703e-09
3.73869e-09
3.63686e-09
3.50548e-09
3.34890e-09
3.18764e-09
3.26055e-09
3.37105e-09
3.39438e-09
3.33428e-09
3.20685e-09
3.19302e-09
3.34675e-09
3.50906e-09
3.65536e-09
3.76801e-09
3.83815e-09
3.85643e-09
3.81690e-09
3.73052e-09
3.61940e-09
3.48904e-09
3.35041e-09
3.22723e-09
3.14101e-09
3.22704e-09
3.25427e-09
3.22994e-09
3.14802e-09
3.20089e-09
3.30772e-09
3.42389e-09
3.53483e-09
3.63185e-09
3.70979e-09
3.74703e-09
3.73609e-09
3.68691e-09
3.60138e-09
3.47938e-09
3.33895e-09
3.20376e-09
3.21963e-09
3.30675e-09
3.32536e-09
3.26494e-09
3.12308e-09
3.22924e-09
3.39855e-09
3.57368e-09
3.72875e-09
3.85232e-09
3.92164e-09
3.91871e-09
3.84585e-09
3.72207e-09
3.55760e-09
3.37204e-09
3.19415e-09
3.27281e-09
3.40903e-09
3.46525e-09
3.44094e-09
3.33163e-09
3.15197e-09
3.25124e-09
3.41452e-09
3.56313e-09
3.68566e-09
3.77617e-09
3.81751e-09
3.80366e-09
3.74894e-09
3.65690e-09
3.53629e-09
3.39948e-09
3.27278e-09
3.16185e-09
3.19862e-09
3.24617e-09
3.22591e-09
3.13958e-09
3.19315e-09
3.32113e-09
3.45773e-09
3.59073e-09
3.71040e-09
3.79148e-09
3.81395e-09
3.77893e-09
3.70180e-09
3.57504e-09
3.41212e-09
3.24531e-09
3.20692e-09
3.35081e-09
3.41669e-09
3.40308e-09
3.30513e-09
3.13237e-09
3.25271e-09
3.42252e-09
3.58284e-09
3.72444e-09
3.83166e-09
3.87891e-09
3.86147e-09
3.80000e-09
3.69809e-09
3.56126e-09
3.40941e-09
3.27100e-09
3.15145e-09
3.22428e-09
3.29102e-09
3.29057e-09
3.22706e-09
3.13029e-09
3.24019e-09
3.35963e-09
3.48377e-09
3.60440e-09
3.69917e-09
3.75403e-09
3.76651e-09
3.73581e-09
3.65489e-09
3.53426e-09
3.39400e-09
3.24994e-09
3.17495e-09
3.30133e-09
3.35643e-09
3.33338e-09
3.22079e-09
3.14259e-09
3.30324e-09
3.48689e-09
3.66638e-09
3.81431e-09
3.91108e-09
3.94771e-09
3.91051e-09
3.80462e-09
3.64524e-09
3.46030e-09
3.27070e-09
3.19392e-09
3.37804e-09
3.48837e-09
3.50889e-09
3.43368e-09
3.27531e-09
3.14504e-09
3.31994e-09
3.49102e-09
3.63852e-09
3.75495e-09
3.82944e-09
3.84734e-09
3.80690e-09
3.72017e-09
3.60257e-09
3.46270e-09
3.31723e-09
3.17958e-09
3.18757e-09
3.27166e-09
3.27966e-09
3.20657e-09
3.11746e-09
3.24504e-09
3.38946e-09
3.53251e-09
3.66685e-09
3.77451e-09
3.82826e-09
3.81800e-09
3.75345e-09
3.64115e-09
3.48789e-09
3.31407e-09
3.14283e-09
3.30710e-09
3.42486e-09
3.45391e-09
3.38784e-09
3.24187e-09
3.15180e-09
3.32462e-09
3.49891e-09
3.65832e-09
3.79873e-09
3.88306e-09
3.90089e-09
3.85750e-09
3.77059e-09
3.64146e-09
3.48609e-09
3.32566e-09
3.17999e-09
3.20179e-09
3.30761e-09
3.34209e-09
3.29807e-09
3.19883e-09
3.15995e-09
3.28817e-09
3.42173e-09
3.55538e-09
3.67331e-09
3.75479e-09
3.78831e-09
3.77155e-09
3.70451e-09
3.59706e-09
3.45866e-09
3.30220e-09
3.14424e-09
3.27571e-09
3.37660e-09
3.38778e-09
3.30562e-09
3.14405e-09
3.20947e-09
3.39269e-09
3.58365e-09
3.75467e-09
3.88727e-09
3.95988e-09
3.96126e-09
3.88219e-09
3.73759e-09
3.55838e-09
3.35986e-09
3.15982e-09
3.32124e-09
3.48455e-09
3.55841e-09
3.52705e-09
3.40395e-09
3.20375e-09
3.21012e-09
3.39866e-09
3.57701e-09
3.72044e-09
3.82179e-09
3.87518e-09
3.86636e-09
3.79449e-09
3.67685e-09
3.53911e-09
3.38327e-09
3.22581e-09
3.14982e-09
3.27405e-09
3.32256e-09
3.29020e-09
3.18035e-09
3.15274e-09
3.29938e-09
3.46145e-09
3.61448e-09
3.73622e-09
3.82171e-09
3.85187e-09
3.81183e-09
3.70986e-09
3.56659e-09
3.39400e-09
3.21128e-09
3.23966e-09
3.40314e-09
3.48108e-09
3.46152e-09
3.35285e-09
3.16695e-09
3.21262e-09
3.40116e-09
3.58655e-09
3.74655e-09
3.86001e-09
3.92014e-09
3.91373e-09
3.84152e-09
3.72202e-09
3.57112e-09
3.39800e-09
3.22880e-09
3.15711e-09
3.30440e-09
3.36970e-09
3.36488e-09
3.29768e-09
3.15655e-09
3.20013e-09
3.34647e-09
3.49911e-09
3.63505e-09
3.73942e-09
3.79900e-09
3.80742e-09
3.76335e-09
3.66845e-09
3.52714e-09
3.36268e-09
3.20276e-09
3.24031e-09
3.36696e-09
3.41118e-09
3.38877e-09
3.26681e-09
3.11215e-09
3.28502e-09
3.49130e-09
3.68831e-09
3.84597e-09
3.94879e-09
3.98820e-09
3.94908e-09
3.83545e-09
3.66286e-09
3.45386e-09
3.24308e-09
3.24995e-09
3.45809e-09
3.56817e-09
3.59402e-09
3.52087e-09
3.34775e-09
3.09791e-09
3.29250e-09
3.49204e-09
3.66586e-09
3.80052e-09
3.88463e-09
3.90644e-09
3.85993e-09
3.76082e-09
3.61747e-09
3.45208e-09
3.28352e-09
3.12791e-09
3.25554e-09
3.34045e-09
3.35069e-09
3.27010e-09
3.11252e-09
3.21264e-09
3.38190e-09
3.54735e-09
3.69026e-09
3.80625e-09
3.86389e-09
3.84979e-09
3.77330e-09
3.64667e-09
3.47481e-09
3.28357e-09
3.15257e-09
3.35438e-09
3.48018e-09
3.51497e-09
3.44607e-09
3.28062e-09
3.10443e-09
3.29845e-09
3.49445e-09
3.67332e-09
3.82460e-09
3.92114e-09
3.94776e-09
3.90347e-09
3.80317e-09
3.65785e-09
3.48071e-09
3.29952e-09
3.13042e-09
3.26275e-09
3.38320e-09
3.42434e-09
3.37288e-09
3.24768e-09
3.10950e-09
3.26336e-09
3.42373e-09
3.57653e-09
3.70835e-09
3.79716e-09
3.82950e-09
3.80455e-09
3.72374e-09
3.59393e-09
3.43405e-09
3.25955e-09
3.14898e-09
3.32568e-09
3.43049e-09
3.43592e-09
3.34035e-09
3.16353e-09
3.18254e-09
3.38372e-09
3.58869e-09
3.77544e-09
3.91803e-09
3.99485e-09
3.99108e-09
3.90540e-09
3.75391e-09
3.55939e-09
3.34057e-09
3.11724e-09
3.37023e-09
3.55709e-09
3.63784e-09
3.60246e-09
3.45885e-09
3.24823e-09
3.17197e-09
3.38066e-09
3.57827e-09
3.74504e-09
3.87114e-09
3.93061e-09
3.91482e-09
3.83045e-09
3.70086e-09
3.53938e-09
3.35700e-09
3.17754e-09
3.20199e-09
3.34619e-09
3.39859e-09
3.34874e-09
3.21348e-09
3.11970e-09
3.29221e-09
3.46903e-09
3.63081e-09
3.76576e-09
3.86031e-09
3.88713e-09
3.83721e-09
3.71962e-09
3.56152e-09
3.37485e-09
3.17657e-09
3.28333e-09
3.45761e-09
3.54829e-09
3.52938e-09
3.40024e-09
3.19013e-09
3.18924e-09
3.39840e-09
3.59682e-09
3.76563e-09
3.89876e-09
3.97059e-09
3.96403e-09
3.88101e-09
3.74562e-09
3.58128e-09
3.39093e-09
3.19650e-09
3.20067e-09
3.37699e-09
3.46174e-09
3.44772e-09
3.34519e-09
3.19024e-09
3.17351e-09
3.34338e-09
3.50858e-09
3.66260e-09
3.78459e-09
3.84698e-09
3.84315e-09
3.77988e-09
3.67006e-09
3.51467e-09
3.33152e-09
3.14649e-09
3.27388e-09
3.42416e-09
3.47333e-09
3.42015e-09
3.27762e-09
3.08046e-09
3.27456e-09
3.48844e-09
3.69806e-09
3.87184e-09
3.98284e-09
4.01686e-09
3.97382e-09
3.84867e-09
3.66132e-09
3.43643e-09
3.20460e-09
3.28169e-09
3.51285e-09
3.64230e-09
3.66846e-09
3.58083e-09
3.39094e-09
3.12003e-09
3.26186e-09
3.48789e-09
3.68838e-09
3.83974e-09
3.93201e-09
3.95763e-09
3.90685e-09
3.78839e-09
3.62489e-09
3.43736e-09
3.24370e-09
3.14166e-09
3.32202e-09
3.41600e-09
3.41493e-09
3.32164e-09
3.14798e-09
3.18806e-09
3.37412e-09
3.56059e-09
3.72214e-09
3.83957e-09
3.89807e-09
3.88311e-09
3.79249e-09
3.64638e-09
3.46383e-09
3.25809e-09
3.19305e-09
3.40921e-09
3.54514e-09
3.57732e-09
3.49637e-09
3.32283e-09
3.07421e-09
3.28134e-09
3.49971e-09
3.69857e-09
3.85664e-09
3.96113e-09
3.99600e-09
3.94921e-09
3.83098e-09
3.66727e-09
3.47692e-09
3.27358e-09
3.12183e-09
3.33182e-09
3.46282e-09
3.50136e-09
3.44431e-09
3.29919e-09
3.08992e-09
3.24698e-09
3.43420e-09
3.60441e-09
3.74384e-09
3.84027e-09
3.87509e-09
3.83778e-09
3.73674e-09
3.58979e-09
3.41078e-09
3.21940e-09
3.20142e-09
3.38458e-09
3.48269e-09
3.48516e-09
3.37822e-09
3.17647e-09
3.16457e-09
3.38537e-09
3.60766e-09
3.80247e-09
3.95052e-09
4.02962e-09
4.02109e-09
3.92807e-09
3.76486e-09
3.54977e-09
3.30912e-09
3.15565e-09
3.43788e-09
3.62806e-09
3.70799e-09
3.67531e-09
3.52400e-09
3.27539e-09
3.14147e-09
3.37374e-09
3.59677e-09
3.78178e-09
3.91664e-09
3.98067e-09
3.96188e-09
3.86692e-09
3.71775e-09
3.52708e-09
3.32075e-09
3.12620e-09
3.25902e-09
3.40212e-09
3.45425e-09
3.39931e-09
3.24783e-09
3.08303e-09
3.27437e-09
3.46969e-09
3.64806e-09
3.79389e-09
3.88959e-09
3.91081e-09
3.85121e-09
3.72301e-09
3.55030e-09
3.34340e-09
3.12954e-09
3.32139e-09
3.51283e-09
3.59900e-09
3.57238e-09
3.42681e-09
3.20707e-09
3.16594e-09
3.39088e-09
3.60480e-09
3.78940e-09
3.93838e-09
4.01207e-09
3.99929e-09
3.90576e-09
3.76548e-09
3.57958e-09
3.36486e-09
3.14760e-09
3.26366e-09
3.45731e-09
3.54364e-09
3.51778e-09
3.39841e-09
3.22127e-09
3.15434e-09
3.34318e-09
3.52456e-09
3.70032e-09
3.83189e-09
3.89281e-09
3.87744e-09
3.80045e-09
3.67588e-09
3.50116e-09
3.29830e-09
3.09228e-09
3.33444e-09
3.48845e-09
3.53185e-09
3.45384e-09
3.29286e-09
3.06490e-09
3.27819e-09
3.50156e-09
3.71451e-09
3.90359e-09
4.02248e-09
4.05191e-09
3.98764e-09
3.85717e-09
3.66307e-09
3.42203e-09
3.16414e-09
3.32093e-09
3.57754e-09
3.72262e-09
3.73720e-09
3.62522e-09
3.42136e-09
3.13780e-09
3.25048e-09
3.48601e-09
3.70311e-09
3.87621e-09
3.97749e-09
3.99509e-09
3.93295e-09
3.80828e-09
3.62918e-09
3.41618e-09
3.19714e-09
3.17409e-09
3.36935e-09
3.46905e-09
3.45963e-09
3.34635e-09
3.14618e-09
3.15973e-09
3.36292e-09
3.56362e-09
3.73595e-09
3.85771e-09
3.91173e-09
3.89132e-09
3.79577e-09
3.63599e-09
3.43202e-09
3.20891e-09
3.21259e-09
3.44490e-09
3.58193e-09
3.60732e-09
3.51686e-09
3.32951e-09
3.06374e-09
3.26472e-09
3.49635e-09
3.70855e-09
3.88498e-09
3.99336e-09
4.02254e-09
3.96935e-09
3.84623e-09
3.66933e-09
3.45424e-09
3.22745e-09
3.16267e-09
3.39561e-09
3.53549e-09
3.56559e-09
3.48860e-09
3.32433e-09
3.09357e-09
3.23671e-09
3.43991e-09
3.62915e-09
3.78283e-09
3.88122e-09
3.90673e-09
3.85556e-09
3.73832e-09
3.57228e-09
3.37627e-09
3.16843e-09
3.24510e-09
3.43728e-09
3.53684e-09
3.52074e-09
3.39104e-09
3.16784e-09
3.16059e-09
3.39591e-09
3.62957e-09
3.83344e-09
3.98171e-09
4.05584e-09
4.04266e-09
3.93801e-09
3.75662e-09
3.52199e-09
3.26687e-09
3.21110e-09
3.50023e-09
3.69634e-09
3.77604e-09
3.72892e-09
3.56135e-09
3.29356e-09
3.12723e-09
3.37910e-09
3.62240e-09
3.82170e-09
3.95759e-09
4.02067e-09
4.00197e-09
3.89875e-09
3.72896e-09
3.51915e-09
3.29427e-09
3.08904e-09
3.32530e-09
3.47520e-09
3.51832e-09
3.44897e-09
3.28061e-09
3.06444e-09
3.26908e-09
3.48083e-09
3.67594e-09
3.82695e-09
3.92111e-09
3.93988e-09
3.87236e-09
3.72900e-09
3.53612e-09
3.31927e-09
3.11487e-09
3.37080e-09
3.55928e-09
3.65184e-09
3.61892e-09
3.46152e-09
3.20744e-09
3.14928e-09
3.39408e-09
3.62702e-09
3.82101e-09
3.96610e-09
4.04631e-09
4.03654e-09
3.93455e-09
3.76141e-09
3.56277e-09
3.33800e-09
3.10752e-09
3.31161e-09
3.50870e-09
3.60746e-09
3.58400e-09
3.44516e-09
3.21929e-09
3.12790e-09
3.34511e-09
3.55114e-09
3.72319e-09
3.85913e-09
3.92550e-09
3.90616e-09
3.81061e-09
3.66104e-09
3.47125e-09
3.25770e-09
3.13651e-09
3.37201e-09
3.52390e-09
3.56406e-09
3.48566e-09
3.29810e-09
3.04441e-09
3.27325e-09
3.51537e-09
3.74327e-09
3.93004e-09
4.04609e-09
4.06901e-09
4.00284e-09
3.85923e-09
3.64736e-09
3.38703e-09
3.11515e-09
3.37919e-09
3.64188e-09
3.78049e-09
3.78595e-09
3.67109e-09
3.45065e-09
3.13762e-09
3.24067e-09
3.49585e-09
3.73323e-09
3.91643e-09
4.01836e-09
4.02949e-09
3.96827e-09
3.83155e-09
3.63057e-09
3.39150e-09
3.15803e-09
3.23526e-09
3.43736e-09
3.52721e-09
3.50182e-09
3.38747e-09
3.17433e-09
3.15022e-09
3.36265e-09
3.57835e-09
3.76708e-09
3.89313e-09
3.94024e-09
3.90782e-09
3.80492e-09
3.63348e-09
3.41202e-09
3.17148e-09
3.25475e-09
3.49998e-09
3.63748e-09
3.65045e-09
3.54422e-09
3.34449e-09
3.05854e-09
3.26300e-09
3.50392e-09
3.73360e-09
3.91969e-09
4.03066e-09
4.05442e-09
3.99157e-09
3.85781e-09
3.66363e-09
3.42890e-09
3.18329e-09
3.20955e-09
3.45908e-09
3.60207e-09
3.62562e-09
3.53124e-09
3.34526e-09
3.08790e-09
3.22903e-09
3.45031e-09
3.65013e-09
3.81363e-09
3.91210e-09
3.93241e-09
3.86969e-09
3.73548e-09
3.55153e-09
3.33661e-09
3.11790e-09
3.27955e-09
3.47537e-09
3.57053e-09
3.54468e-09
3.40007e-09
3.15329e-09
3.15143e-09
3.40077e-09
3.64416e-09
3.85445e-09
4.00417e-09
4.07326e-09
4.04937e-09
3.93472e-09
3.74139e-09
3.49249e-09
3.21883e-09
3.24710e-09
3.55451e-09
3.75352e-09
3.82076e-09
3.75794e-09
3.57583e-09
3.28752e-09
3.10906e-09
3.37510e-09
3.63442e-09
3.85422e-09
4.00068e-09
4.05790e-09
4.02245e-09
3.90601e-09
3.72191e-09
3.49228e-09
3.24602e-09
3.11960e-09
3.37406e-09
3.52933e-09
3.56530e-09
3.47569e-09
3.28426e-09
3.04062e-09
3.26245e-09
3.48760e-09
3.69126e-09
3.85229e-09
3.94713e-09
3.95482e-09
3.87215e-09
3.71238e-09
3.50867e-09
3.27610e-09
3.15182e-09
3.41368e-09
3.60454e-09
3.69645e-09
3.65065e-09
3.47079e-09
3.19016e-09
3.14908e-09
3.41039e-09
3.65514e-09
3.85541e-09
4.00225e-09
4.08021e-09
4.06177e-09
3.94756e-09
3.75848e-09
3.54088e-09
3.29856e-09
3.11307e-09
3.37748e-09
3.57904e-09
3.67884e-09
3.64251e-09
3.47603e-09
3.22288e-09
3.12471e-09
3.36345e-09
3.58317e-09
3.75944e-09
3.89176e-09
3.95860e-09
3.93287e-09
3.81932e-09
3.64457e-09
3.44176e-09
3.21842e-09
3.19553e-09
3.41877e-09
3.57081e-09
3.60827e-09
3.50722e-09
3.28228e-09
3.04146e-09
3.29382e-09
3.55115e-09
3.77927e-09
3.95433e-09
4.06833e-09
4.09247e-09
4.01186e-09
3.83870e-09
3.60734e-09
3.34089e-09
3.10598e-09
3.44341e-09
3.69655e-09
3.84016e-09
3.84154e-09
3.69717e-09
3.43310e-09
3.10316e-09
3.25611e-09
3.52701e-09
3.76529e-09
3.94917e-09
4.05768e-09
4.06929e-09
3.98350e-09
3.81908e-09
3.60536e-09
3.35652e-09
3.10553e-09
3.26844e-09
3.48544e-09
3.58289e-09
3.55067e-09
3.39329e-09
3.15095e-09
3.14194e-09
3.37642e-09
3.59819e-09
3.78473e-09
3.91278e-09
3.96041e-09
3.92094e-09
3.79475e-09
3.60202e-09
3.36987e-09
3.12498e-09
3.30348e-09
3.53722e-09
3.67006e-09
3.68154e-09
3.56693e-09
3.33421e-09
3.01811e-09
3.27123e-09
3.53244e-09
3.76966e-09
3.95049e-09
4.05580e-09
4.07601e-09
4.00990e-09
3.85763e-09
3.63836e-09
3.38531e-09
3.13328e-09
3.27887e-09
3.51940e-09
3.65001e-09
3.66414e-09
3.57279e-09
3.36916e-09
3.07395e-09
3.22867e-09
3.46637e-09
3.68833e-09
3.85380e-09
3.94164e-09
3.94601e-09
3.87602e-09
3.73371e-09
3.53167e-09
3.29841e-09
3.05960e-09
3.34211e-09
3.53695e-09
3.61011e-09
3.55277e-09
3.39079e-09
3.13522e-09
3.16926e-09
3.42515e-09
3.67079e-09
3.89387e-09
4.04667e-09
4.10244e-09
4.05373e-09
3.91635e-09
3.71300e-09
3.45194e-09
3.16349e-09
3.30900e-09
3.62373e-09
3.82759e-09
3.88610e-09
3.79201e-09
3.57068e-09
3.26158e-09
3.12741e-09
3.40927e-09
3.67100e-09
3.89453e-09
4.04504e-09
4.09693e-09
4.04641e-09
3.90907e-09
3.70920e-09
3.46190e-09
3.19739e-09
3.17020e-09
3.42766e-09
3.57981e-09
3.60444e-09
3.49919e-09
3.28446e-09
3.02768e-09
3.26706e-09
3.50534e-09
3.72017e-09
3.87797e-09
3.96170e-09
3.95678e-09
3.95678e-09
