0.00000e+00
8.24828e-09
8.57729e-09
1.09674e-08
1.52903e-08
1.92131e-08
2.26480e-08
2.68410e-08
3.17015e-08
3.62434e-08
3.98675e-08
4.30847e-08
4.69385e-08
5.18602e-08
5.69362e-08
6.08989e-08
6.39684e-08
6.75507e-08
7.22392e-08
7.72236e-08
8.14294e-08
8.46742e-08
8.80205e-08
9.24808e-08
9.76963e-08
1.02286e-07
1.05542e-07
1.08564e-07
1.12621e-07
1.17637e-07
1.22472e-07
1.26193e-07
1.29231e-07
1.32963e-07
1.37878e-07
1.42786e-07
1.46537e-07
1.49486e-07
1.52892e-07
1.57535e-07
1.62787e-07
1.67235e-07
1.70542e-07
1.73733e-07
1.77840e-07
1.82496e-07
1.86545e-07
1.89641e-07
1.92705e-07
1.96827e-07
2.01980e-07
2.06860e-07
2.10476e-07
2.13407e-07
2.16935e-07
2.21465e-07
2.26084e-07
2.29843e-07
2.32853e-07
2.36300e-07
2.40859e-07
2.45670e-07
2.49564e-07
2.52432e-07
2.55469e-07
2.59578e-07
2.64419e-07
2.68731e-07
2.71912e-07
2.74908e-07
2.78771e-07
2.83360e-07
2.87578e-07
2.90749e-07
2.93526e-07
2.97151e-07
3.01806e-07
3.06390e-07
3.09805e-07
3.12435e-07
3.15632e-07
3.19890e-07
3.24419e-07
3.28091e-07
3.30806e-07
3.33847e-07
3.38193e-07
3.43095e-07
3.47041e-07
3.49588e-07
3.51784e-07
3.54958e-07
3.59248e-07
3.63422e-07
3.66581e-07
3.69399e-07
3.73088e-07
3.77798e-07
3.82195e-07
3.85190e-07
3.87196e-07
3.89636e-07
3.93496e-07
3.98085e-07
4.01937e-07
4.04728e-07
4.07373e-07
4.10759e-07
4.14631e-07
4.18067e-07
4.20766e-07
4.23482e-07
4.27150e-07
4.31401e-07
4.35047e-07
4.37474e-07
4.39539e-07
4.42498e-07
4.46537e-07
4.50561e-07
4.53492e-07
4.55646e-07
4.58306e-07
4.62015e-07
4.65923e-07
4.68871e-07
4.70930e-07
4.73281e-07
4.76737e-07
4.80777e-07
4.84132e-07
4.86410e-07
4.88630e-07
4.91711e-07
4.95330e-07
4.98343e-07
5.00235e-07
5.01971e-07
5.04854e-07
5.08896e-07
5.12727e-07
5.15273e-07
5.16991e-07
5.19215e-07
5.22557e-07
5.26093e-07
5.28574e-07
5.30109e-07
5.32047e-07
5.35277e-07
5.39094e-07
5.42061e-07
5.43735e-07
5.45138e-07
5.47575e-07
5.51060e-07
5.54245e-07
5.56320e-07
5.57947e-07
5.60226e-07
5.63289e-07
5.66227e-07
5.68187e-07
5.69498e-07
5.71450e-07
5.74547e-07
5.77759e-07
5.80009e-07
5.81418e-07
5.83022e-07
5.85514e-07
5.88445e-07
5.90745e-07
5.92100e-07
5.93608e-07
5.96256e-07
5.99429e-07
6.01830e-07
6.03041e-07
6.03864e-07
6.05458e-07
6.08106e-07
6.10663e-07
6.12127e-07
6.13181e-07
6.15173e-07
6.18171e-07
6.21057e-07
6.22758e-07
6.23351e-07
6.24101e-07
6.26069e-07
6.28680e-07
6.30525e-07
6.31439e-07
6.32610e-07
6.34727e-07
6.37267e-07
6.39154e-07
6.39802e-07
6.40084e-07
6.41562e-07
6.44307e-07
6.46736e-07
6.47842e-07
6.48213e-07
6.48996e-07
6.50700e-07
6.52764e-07
6.54112e-07
6.54642e-07
6.55600e-07
6.57685e-07
6.59837e-07
6.60853e-07
6.60914e-07
6.61103e-07
6.62408e-07
6.64736e-07
6.66719e-07
6.67340e-07
6.67404e-07
6.68256e-07
6.69780e-07
6.70966e-07
6.71407e-07
6.71508e-07
6.72149e-07
6.73820e-07
6.75658e-07
6.76377e-07
6.76310e-07
6.76875e-07
6.78306e-07
6.79610e-07
6.80023e-07
6.79631e-07
6.79404e-07
6.80502e-07
6.82530e-07
6.83646e-07
6.83256e-07
6.82738e-07
6.83200e-07
6.84403e-07
6.85514e-07
6.85742e-07
6.85201e-07
6.85267e-07
6.86562e-07
6.87671e-07
6.87426e-07
6.86626e-07
6.86452e-07
6.87156e-07
6.88321e-07
6.88913e-07
6.88275e-07
6.87561e-07
6.88127e-07
6.89131e-07
6.89097e-07
6.88257e-07
6.87635e-07
6.87804e-07
6.88860e-07
6.89762e-07
6.89052e-07
6.87384e-07
6.86772e-07
6.87308e-07
6.87601e-07
6.87204e-07
6.86448e-07
6.85851e-07
6.86252e-07
6.87309e-07
6.87178e-07
6.85574e-07
6.84335e-07
6.84182e-07
6.84183e-07
6.83808e-07
6.82927e-07
6.81673e-07
6.81215e-07
6.81935e-07
6.82012e-07
6.80456e-07
6.78796e-07
6.78154e-07
6.78059e-07
6.77995e-07
6.77348e-07
6.75653e-07
6.74194e-07
6.74189e-07
6.74256e-07
6.72878e-07
6.70985e-07
6.69826e-07
6.69427e-07
6.69546e-07
6.69250e-07
6.67329e-07
6.64815e-07
6.63762e-07
6.63694e-07
6.62923e-07
6.61508e-07
6.60105e-07
6.58889e-07
6.58238e-07
6.57627e-07
6.55567e-07
6.52605e-07
6.51031e-07
6.50998e-07
6.50786e-07
6.49684e-07
6.47797e-07
6.45541e-07
6.44110e-07
6.43662e-07
6.42366e-07
6.39665e-07
6.37373e-07
6.36309e-07
6.35557e-07
6.34421e-07
6.32508e-07
6.29847e-07
6.27809e-07
6.27197e-07
6.26349e-07
6.23967e-07
6.21208e-07
6.19268e-07
6.18038e-07
6.17073e-07
6.15506e-07
6.12648e-07
6.09695e-07
6.08159e-07
6.07234e-07
6.05437e-07
6.03020e-07
6.00774e-07
5.98904e-07
5.97395e-07
5.95615e-07
5.92685e-07
5.89479e-07
5.87668e-07
5.86834e-07
5.85261e-07
5.82562e-07
5.79391e-07
5.76567e-07
5.74745e-07
5.73317e-07
5.70809e-07
5.67379e-07
5.64792e-07
5.63556e-07
5.62397e-07
5.60274e-07
5.57049e-07
5.53449e-07
5.50764e-07
5.49140e-07
5.47038e-07
5.43733e-07
5.40438e-07
5.38173e-07
5.36546e-07
5.34628e-07
5.31687e-07
5.27968e-07
5.24864e-07
5.23052e-07
5.21294e-07
5.18289e-07
5.14544e-07
5.11275e-07
5.08987e-07
5.07178e-07
5.04666e-07
5.00953e-07
4.97143e-07
4.94613e-07
4.92925e-07
4.90613e-07
4.87211e-07
4.83396e-07
4.80079e-07
4.77616e-07
4.75203e-07
4.71895e-07
4.68180e-07
4.65236e-07
4.63089e-07
4.60631e-07
4.57121e-07
4.52848e-07
4.48958e-07
4.46248e-07
4.44177e-07
4.41443e-07
4.37870e-07
4.34475e-07
4.31803e-07
4.29168e-07
4.25673e-07
4.21191e-07
4.16777e-07
4.13794e-07
4.11975e-07
4.09599e-07
4.05763e-07
4.01303e-07
3.97510e-07
3.94781e-07
3.92244e-07
3.88766e-07
3.84414e-07
3.80546e-07
3.77827e-07
3.75239e-07
3.71659e-07
3.67197e-07
3.62936e-07
3.59746e-07
3.57344e-07
3.54336e-07
3.50043e-07
3.45589e-07
3.42183e-07
3.39561e-07
3.36528e-07
3.32426e-07
3.27689e-07
3.23544e-07
3.20665e-07
3.17999e-07
3.14285e-07
3.09839e-07
3.05739e-07
3.02344e-07
2.99096e-07
2.95227e-07
2.90637e-07
2.86378e-07
2.83463e-07
2.81157e-07
2.77831e-07
2.73257e-07
2.68462e-07
2.64357e-07
2.61013e-07
2.57625e-07
2.53292e-07
2.48590e-07
2.44850e-07
2.42042e-07
2.38862e-07
2.34659e-07
2.29927e-07
2.25630e-07
2.22293e-07
2.19256e-07
2.15211e-07
2.10193e-07
2.05691e-07
2.02405e-07
1.99368e-07
1.95514e-07
1.90718e-07
1.85832e-07
1.82115e-07
1.79483e-07
1.76293e-07
1.71589e-07
1.66390e-07
1.62070e-07
1.58687e-07
1.55412e-07
1.51277e-07
1.46323e-07
1.41836e-07
1.38568e-07
1.35519e-07
1.31390e-07
1.26410e-07
1.21582e-07
1.17596e-07
1.14265e-07
1.10625e-07
1.06151e-07
1.01679e-07
9.82030e-08
9.51352e-08
9.11197e-08
8.59205e-08
8.04744e-08
7.59546e-08
7.27911e-08
6.98517e-08
6.58205e-08
6.09951e-08
5.66075e-08
5.29884e-08
4.93285e-08
4.49001e-08
3.98632e-08
3.52338e-08
3.18264e-08
2.89140e-08
2.49932e-08
1.98587e-08
1.60485e-08
1.20798e-08
7.56464e-09
5.01799e-09
7.29983e-09
6.12988e-09
9.53612e-09
1.26787e-08
1.76231e-08
2.13982e-08
2.66129e-08
3.09567e-08
3.41581e-08
3.72389e-08
4.14320e-08
4.66776e-08
5.15133e-08
5.50801e-08
5.82120e-08
6.21869e-08
6.71653e-08
7.21026e-08
7.59361e-08
7.88305e-08
8.21088e-08
8.66123e-08
9.15808e-08
9.59401e-08
9.96235e-08
1.03516e-07
1.08173e-07
1.13182e-07
1.17296e-07
1.20193e-07
1.23120e-07
1.27258e-07
1.32342e-07
1.37149e-07
1.40867e-07
1.44033e-07
1.47823e-07
1.52565e-07
1.57339e-07
1.61144e-07
1.64330e-07
1.68084e-07
1.72750e-07
1.77502e-07
1.81347e-07
1.84263e-07
1.87455e-07
1.91880e-07
1.96911e-07
2.01266e-07
2.04669e-07
2.07970e-07
2.12086e-07
2.16895e-07
2.21203e-07
2.24379e-07
2.27233e-07
2.31012e-07
2.35828e-07
2.40584e-07
2.44353e-07
2.47467e-07
2.50926e-07
2.55193e-07
2.59517e-07
2.62898e-07
2.65703e-07
2.69140e-07
2.73776e-07
2.78834e-07
2.83065e-07
2.86126e-07
2.89008e-07
2.92826e-07
2.97262e-07
3.01119e-07
3.03970e-07
3.06738e-07
3.10633e-07
3.15615e-07
3.20370e-07
3.23710e-07
3.26029e-07
3.28888e-07
3.32964e-07
3.37518e-07
3.41394e-07
3.44444e-07
3.47574e-07
3.51448e-07
3.55591e-07
3.58964e-07
3.61476e-07
3.64335e-07
3.68411e-07
3.73223e-07
3.77431e-07
3.80338e-07
3.82676e-07
3.85725e-07
3.89753e-07
3.93771e-07
3.96923e-07
3.99610e-07
4.02884e-07
4.07013e-07
4.11060e-07
4.14017e-07
4.16121e-07
4.18621e-07
4.22319e-07
4.26588e-07
4.30202e-07
4.32946e-07
4.35709e-07
4.39294e-07
4.43377e-07
4.46815e-07
4.49178e-07
4.51298e-07
4.54249e-07
4.58042e-07
4.61582e-07
4.64244e-07
4.66621e-07
4.69771e-07
4.73781e-07
4.77496e-07
4.80006e-07
4.81737e-07
4.84115e-07
4.87876e-07
4.92038e-07
4.95133e-07
4.96901e-07
4.98585e-07
5.01417e-07
5.05212e-07
5.08753e-07
5.11288e-07
5.13435e-07
5.16269e-07
5.19793e-07
5.22933e-07
5.24927e-07
5.26467e-07
5.28760e-07
5.32160e-07
5.35801e-07
5.38511e-07
5.40311e-07
5.42340e-07
5.45257e-07
5.48392e-07
5.50740e-07
5.52288e-07
5.54077e-07
5.56943e-07
5.60524e-07
5.63616e-07
5.65609e-07
5.67242e-07
5.69522e-07
5.72338e-07
5.74716e-07
5.76256e-07
5.77622e-07
5.79860e-07
5.83151e-07
5.86348e-07
5.88340e-07
5.89508e-07
5.91105e-07
5.93688e-07
5.96475e-07
5.98474e-07
5.99709e-07
6.01201e-07
6.03746e-07
6.06748e-07
6.08858e-07
6.09771e-07
6.10642e-07
6.12665e-07
6.15636e-07
6.18358e-07
6.19995e-07
6.20979e-07
6.22486e-07
6.24804e-07
6.26935e-07
6.28032e-07
6.28676e-07
6.30162e-07
6.32871e-07
6.35760e-07
6.37447e-07
6.37750e-07
6.37959e-07
6.39415e-07
6.41921e-07
6.44122e-07
6.45415e-07
6.46481e-07
6.48090e-07
6.50167e-07
6.51861e-07
6.52532e-07
6.52739e-07
6.53719e-07
6.55698e-07
6.57595e-07
6.58576e-07
6.59105e-07
6.60110e-07
6.61894e-07
6.63830e-07
6.64906e-07
6.65044e-07
6.65489e-07
6.67053e-07
6.68908e-07
6.69908e-07
6.70065e-07
6.70237e-07
6.71264e-07
6.73081e-07
6.74500e-07
6.74724e-07
6.74678e-07
6.75710e-07
6.77585e-07
6.79008e-07
6.79282e-07
6.78733e-07
6.78510e-07
6.79551e-07
6.81194e-07
6.82016e-07
6.82025e-07
6.82387e-07
6.83405e-07
6.84372e-07
6.84595e-07
6.83973e-07
6.83427e-07
6.84259e-07
6.86182e-07
6.87379e-07
6.87129e-07
6.86513e-07
6.86552e-07
6.87294e-07
6.88076e-07
6.87920e-07
6.86871e-07
6.86468e-07
6.87475e-07
6.88663e-07
6.88869e-07
6.88365e-07
6.87891e-07
6.87954e-07
6.88517e-07
6.88629e-07
6.87711e-07
6.86899e-07
6.87296e-07
6.88112e-07
6.88125e-07
6.87288e-07
6.86238e-07
6.85793e-07
6.86390e-07
6.87027e-07
6.86420e-07
6.85185e-07
6.84747e-07
6.85017e-07
6.84957e-07
6.84084e-07
6.82603e-07
6.81420e-07
6.81549e-07
6.82388e-07
6.82162e-07
6.80645e-07
6.79236e-07
6.78618e-07
6.78373e-07
6.77940e-07
6.76883e-07
6.75581e-07
6.75252e-07
6.75889e-07
6.75734e-07
6.73946e-07
6.71639e-07
6.70038e-07
6.69448e-07
6.69420e-07
6.68866e-07
6.67318e-07
6.65908e-07
6.65534e-07
6.65201e-07
6.63809e-07
6.61825e-07
6.60210e-07
6.59419e-07
6.59244e-07
6.58540e-07
6.56387e-07
6.53847e-07
6.52584e-07
6.52333e-07
6.51662e-07
6.50101e-07
6.48088e-07
6.46401e-07
6.45661e-07
6.45198e-07
6.43561e-07
6.40838e-07
6.38632e-07
6.37475e-07
6.36493e-07
6.35053e-07
6.33112e-07
6.31094e-07
6.29841e-07
6.29207e-07
6.27708e-07
6.24839e-07
6.22051e-07
6.20402e-07
6.19445e-07
6.18406e-07
6.16708e-07
6.14308e-07
6.12185e-07
6.10934e-07
6.09379e-07
6.06493e-07
6.03306e-07
6.01148e-07
5.99987e-07
5.99113e-07
5.97540e-07
5.94696e-07
5.91589e-07
5.89724e-07
5.88565e-07
5.86531e-07
5.83622e-07
5.80851e-07
5.78641e-07
5.77043e-07
5.75406e-07
5.72722e-07
5.69402e-07
5.67094e-07
5.65818e-07
5.64027e-07
5.61223e-07
5.58091e-07
5.55334e-07
5.53435e-07
5.51951e-07
5.49365e-07
5.45382e-07
5.41892e-07
5.39991e-07
5.38585e-07
5.36573e-07
5.33689e-07
5.30195e-07
5.27128e-07
5.25149e-07
5.23024e-07
5.19724e-07
5.16283e-07
5.13903e-07
5.12118e-07
5.10042e-07
5.07192e-07
5.03362e-07
4.99502e-07
4.96793e-07
4.94587e-07
4.91543e-07
4.88119e-07
4.85436e-07
4.83339e-07
4.81184e-07
4.78339e-07
4.74303e-07
4.70007e-07
4.67079e-07
4.65255e-07
4.62796e-07
4.59263e-07
4.55528e-07
4.52183e-07
4.49414e-07
4.46825e-07
4.43440e-07
4.39453e-07
4.36361e-07
4.34427e-07
4.32057e-07
4.28345e-07
4.23880e-07
4.19607e-07
4.16416e-07
4.14210e-07
4.11462e-07
4.07460e-07
4.03485e-07
4.00603e-07
3.98149e-07
3.95083e-07
3.91122e-07
3.86698e-07
3.82879e-07
3.80252e-07
3.77705e-07
3.74021e-07
3.69828e-07
3.66362e-07
3.63575e-07
3.60620e-07
3.56759e-07
3.51928e-07
3.47303e-07
3.44170e-07
3.41922e-07
3.38998e-07
3.35036e-07
3.30899e-07
3.27256e-07
3.24013e-07
3.20558e-07
3.16323e-07
3.11850e-07
3.08300e-07
3.05563e-07
3.02404e-07
2.98194e-07
2.93638e-07
2.89652e-07
2.86533e-07
2.83650e-07
2.79916e-07
2.75391e-07
2.71212e-07
2.67927e-07
2.64654e-07
2.60485e-07
2.55667e-07
2.51147e-07
2.47776e-07
2.45167e-07
2.41840e-07
2.37215e-07
2.32382e-07
2.28563e-07
2.25583e-07
2.22260e-07
2.17828e-07
2.12768e-07
2.08474e-07
2.05539e-07
2.02838e-07
1.98972e-07
1.94073e-07
1.89233e-07
1.85167e-07
1.81589e-07
1.77661e-07
1.73100e-07
1.68829e-07
1.65679e-07
1.62931e-07
1.59253e-07
1.54359e-07
1.49135e-07
1.44730e-07
1.41392e-07
1.38093e-07
1.33832e-07
1.29005e-07
1.24842e-07
1.21497e-07
1.18025e-07
1.13701e-07
1.08746e-07
1.04187e-07
1.00805e-07
9.79329e-08
9.41451e-08
8.92058e-08
8.42139e-08
7.98768e-08
7.59959e-08
7.20269e-08
6.76393e-08
6.33298e-08
5.98960e-08
5.70016e-08
5.31744e-08
4.79841e-08
4.26143e-08
3.81795e-08
3.48275e-08
3.16967e-08
2.76641e-08
2.27048e-08
1.81349e-08
1.47047e-08
1.13272e-08
7.36853e-09
6.24564e-09
4.59264e-09
7.16538e-09
1.03233e-08
1.45030e-08
1.84318e-08
2.32232e-08
2.69901e-08
3.02246e-08
3.40994e-08
3.89323e-08
4.41773e-08
4.87550e-08
5.20155e-08
5.49966e-08
5.91566e-08
6.41632e-08
6.86475e-08
7.23298e-08
7.58905e-08
7.98230e-08
8.44254e-08
8.90427e-08
9.26925e-08
9.59369e-08
1.00215e-07
1.05525e-07
1.10505e-07
1.14382e-07
1.17438e-07
1.20535e-07
1.24664e-07
1.29622e-07
1.33961e-07
1.37326e-07
1.40987e-07
1.45565e-07
1.50328e-07
1.54522e-07
1.57886e-07
1.60859e-07
1.64707e-07
1.69715e-07
1.74540e-07
1.78255e-07
1.81687e-07
1.85737e-07
1.90292e-07
1.94763e-07
1.98355e-07
2.01044e-07
2.04176e-07
2.08700e-07
2.13703e-07
2.17899e-07
2.21419e-07
2.25091e-07
2.29302e-07
2.33837e-07
2.37803e-07
2.40618e-07
2.43414e-07
2.47597e-07
2.52699e-07
2.57259e-07
2.60632e-07
2.63320e-07
2.66451e-07
2.70816e-07
2.75695e-07
2.79720e-07
2.82996e-07
2.86647e-07
2.90944e-07
2.95125e-07
2.98490e-07
3.01065e-07
3.03808e-07
3.07821e-07
3.12788e-07
3.17191e-07
3.20540e-07
3.23677e-07
3.27304e-07
3.31293e-07
3.34980e-07
3.37843e-07
3.40518e-07
3.44292e-07
3.49260e-07
3.53937e-07
3.57288e-07
3.59712e-07
3.62320e-07
3.65920e-07
3.70171e-07
3.73913e-07
3.76767e-07
3.79738e-07
3.83566e-07
3.87723e-07
3.91376e-07
3.94309e-07
3.97112e-07
4.00569e-07
4.04633e-07
4.08233e-07
4.10788e-07
4.13254e-07
4.16664e-07
4.20826e-07
4.24761e-07
4.27696e-07
4.29932e-07
4.32789e-07
4.36914e-07
4.41276e-07
4.44566e-07
4.46851e-07
4.49191e-07
4.52279e-07
4.55868e-07
4.59051e-07
4.61430e-07
4.63948e-07
4.67647e-07
4.71979e-07
4.75505e-07
4.77710e-07
4.79380e-07
4.81753e-07
4.85389e-07
4.89367e-07
4.92439e-07
4.94768e-07
4.97464e-07
5.00867e-07
5.04175e-07
5.06632e-07
5.08364e-07
5.10309e-07
5.13390e-07
5.17207e-07
5.20406e-07
5.22625e-07
5.24818e-07
5.27769e-07
5.31148e-07
5.34101e-07
5.36074e-07
5.37563e-07
5.39819e-07
5.43143e-07
5.46420e-07
5.48786e-07
5.50636e-07
5.52842e-07
5.55681e-07
5.58693e-07
5.61089e-07
5.62844e-07
5.64999e-07
5.68141e-07
5.71349e-07
5.73452e-07
5.74548e-07
5.75710e-07
5.77864e-07
5.80993e-07
5.84023e-07
5.86117e-07
5.87881e-07
5.90292e-07
5.93074e-07
5.95180e-07
5.96288e-07
5.97184e-07
5.99028e-07
6.02237e-07
6.05684e-07
6.07838e-07
6.08738e-07
6.09794e-07
6.11808e-07
6.14228e-07
6.16158e-07
6.17324e-07
6.18485e-07
6.20691e-07
6.23726e-07
6.26117e-07
6.27185e-07
6.27831e-07
6.29161e-07
6.31351e-07
6.33698e-07
6.35323e-07
6.36220e-07
6.37401e-07
6.39376e-07
6.41332e-07
6.42551e-07
6.43469e-07
6.44903e-07
6.47082e-07
6.49412e-07
6.50886e-07
6.51238e-07
6.51614e-07
6.53078e-07
6.55091e-07
6.56495e-07
6.57076e-07
6.57575e-07
6.58874e-07
6.61112e-07
6.63231e-07
6.64137e-07
6.64270e-07
6.64872e-07
6.66184e-07
6.67504e-07
6.68361e-07
6.68976e-07
6.70039e-07
6.71904e-07
6.73706e-07
6.74138e-07
6.73428e-07
6.73165e-07
6.74256e-07
6.76143e-07
6.77679e-07
6.78195e-07
6.78220e-07
6.78943e-07
6.80459e-07
6.81507e-07
6.81384e-07
6.80902e-07
6.81170e-07
6.82390e-07
6.83776e-07
6.84288e-07
6.83864e-07
6.83722e-07
6.84690e-07
6.86009e-07
6.86550e-07
6.86296e-07
6.86065e-07
6.86529e-07
6.87524e-07
6.88072e-07
6.87564e-07
6.86755e-07
6.86757e-07
6.87490e-07
6.88030e-07
6.87982e-07
6.87801e-07
6.88127e-07
6.88997e-07
6.89506e-07
6.88761e-07
6.87281e-07
6.86546e-07
6.87116e-07
6.88109e-07
6.88442e-07
6.87912e-07
6.87200e-07
6.87013e-07
6.87124e-07
6.86603e-07
6.85292e-07
6.84310e-07
6.84576e-07
6.85538e-07
6.85893e-07
6.85006e-07
6.83441e-07
6.82395e-07
6.82385e-07
6.82541e-07
6.81824e-07
6.80548e-07
6.79807e-07
6.79831e-07
6.79798e-07
6.78928e-07
6.77319e-07
6.75973e-07
6.75821e-07
6.76362e-07
6.76085e-07
6.74533e-07
6.72752e-07
6.71642e-07
6.71052e-07
6.70297e-07
6.68876e-07
6.67194e-07
6.66393e-07
6.66667e-07
6.66637e-07
6.65263e-07
6.63156e-07
6.61426e-07
6.60473e-07
6.59945e-07
6.58966e-07
6.57131e-07
6.55412e-07
6.54747e-07
6.54402e-07
6.53167e-07
6.51114e-07
6.48983e-07
6.47330e-07
6.46332e-07
6.45357e-07
6.43640e-07
6.41807e-07
6.40972e-07
6.40620e-07
6.39337e-07
6.36844e-07
6.33923e-07
6.31603e-07
6.30638e-07
6.30350e-07
6.29037e-07
6.26474e-07
6.24142e-07
6.22699e-07
6.21483e-07
6.19946e-07
6.17888e-07
6.15570e-07
6.13873e-07
6.12852e-07
6.11106e-07
6.08118e-07
6.05208e-07
6.03306e-07
6.01995e-07
6.00612e-07
5.98591e-07
5.95886e-07
5.93646e-07
5.92573e-07
5.91338e-07
5.88680e-07
5.85325e-07
5.82469e-07
5.80450e-07
5.79059e-07
5.77443e-07
5.74763e-07
5.71838e-07
5.69948e-07
5.68486e-07
5.66035e-07
5.62667e-07
5.59345e-07
5.56753e-07
5.55277e-07
5.54162e-07
5.51881e-07
5.48502e-07
5.45524e-07
5.43251e-07
5.40786e-07
5.37889e-07
5.34905e-07
5.32186e-07
5.30223e-07
5.28655e-07
5.26038e-07
5.22152e-07
5.18618e-07
5.16301e-07
5.14453e-07
5.12288e-07
5.09430e-07
5.05936e-07
5.02742e-07
5.00332e-07
4.97585e-07
4.93786e-07
4.90080e-07
4.87539e-07
4.85792e-07
4.83969e-07
4.81291e-07
4.77458e-07
4.73520e-07
4.70664e-07
4.68203e-07
4.64894e-07
4.61130e-07
4.57958e-07
4.55522e-07
4.53364e-07
4.50646e-07
4.46652e-07
4.42178e-07
4.38855e-07
4.36576e-07
4.33866e-07
4.30302e-07
4.26616e-07
4.23417e-07
4.20927e-07
4.18567e-07
4.15068e-07
4.10420e-07
4.06275e-07
4.03379e-07
4.00727e-07
3.97490e-07
3.93770e-07
3.90016e-07
3.86903e-07
3.84467e-07
3.81414e-07
3.77032e-07
3.72572e-07
3.69245e-07
3.66618e-07
3.63731e-07
3.60050e-07
3.55571e-07
3.51190e-07
3.47843e-07
3.44936e-07
3.41420e-07
3.37695e-07
3.34563e-07
3.31691e-07
3.28358e-07
3.24233e-07
3.19410e-07
3.14867e-07
3.11695e-07
3.09213e-07
3.05810e-07
3.01399e-07
2.97137e-07
2.93633e-07
2.90641e-07
2.87390e-07
2.83046e-07
2.78023e-07
2.73889e-07
2.70998e-07
2.68029e-07
2.64204e-07
2.59977e-07
2.55950e-07
2.52419e-07
2.49050e-07
2.44869e-07
2.39832e-07
2.35404e-07
2.32390e-07
2.29746e-07
2.26230e-07
2.21701e-07
2.16835e-07
2.12628e-07
2.09416e-07
2.06138e-07
2.01838e-07
1.97232e-07
1.93373e-07
1.90038e-07
1.86305e-07
1.81689e-07
1.76508e-07
1.71916e-07
1.68818e-07
1.66404e-07
1.63113e-07
1.58712e-07
1.54064e-07
1.49724e-07
1.45609e-07
1.41335e-07
1.36704e-07
1.32300e-07
1.28908e-07
1.26063e-07
1.22447e-07
1.17697e-07
1.12676e-07
1.08271e-07
1.04595e-07
1.00975e-07
9.66819e-08
9.20392e-08
8.81234e-08
8.50544e-08
8.16899e-08
7.71751e-08
7.18994e-08
6.69954e-08
6.32090e-08
6.00337e-08
5.62186e-08
5.14310e-08
4.67101e-08
4.29688e-08
3.98216e-08
3.61675e-08
3.14825e-08
2.64068e-08
2.20743e-08
1.86890e-08
1.75789e-08
1.77746e-08
1.80732e-08
1.80713e-08
1.79148e-08
1.79329e-08
1.80826e-08
1.82246e-08
1.92500e-08
2.25553e-08
2.55977e-08
2.95649e-08
3.46771e-08
4.00235e-08
4.45309e-08
4.80902e-08
5.16135e-08
5.57582e-08
6.00681e-08
6.38701e-08
6.73427e-08
7.13405e-08
7.62463e-08
8.14517e-08
8.58382e-08
8.90188e-08
9.19992e-08
9.59692e-08
1.00796e-07
1.05412e-07
1.09256e-07
1.12749e-07
1.16721e-07
1.21437e-07
1.26127e-07
1.29927e-07
1.33161e-07
1.36899e-07
1.41393e-07
1.45880e-07
1.49726e-07
1.53153e-07
1.56964e-07
1.61685e-07
1.66660e-07
1.70620e-07
1.73491e-07
1.76652e-07
1.81112e-07
1.86399e-07
1.91244e-07
1.94794e-07
1.97442e-07
2.00512e-07
2.04640e-07
2.09032e-07
2.12872e-07
2.16561e-07
2.20887e-07
2.25839e-07
2.30603e-07
2.34302e-07
2.36885e-07
2.39565e-07
2.43493e-07
2.48242e-07
2.52610e-07
2.56349e-07
2.60042e-07
2.64093e-07
2.68318e-07
2.72044e-07
2.74823e-07
2.77507e-07
2.81437e-07
2.86489e-07
2.91256e-07
2.94902e-07
2.97857e-07
3.01004e-07
3.04934e-07
3.09265e-07
3.12912e-07
3.15741e-07
3.18932e-07
3.23099e-07
3.27476e-07
3.31242e-07
3.34365e-07
3.37399e-07
3.41124e-07
3.45602e-07
3.49705e-07
3.52747e-07
3.55610e-07
3.59193e-07
3.63174e-07
3.66757e-07
3.69644e-07
3.72206e-07
3.75434e-07
3.79883e-07
3.84498e-07
3.87994e-07
3.90718e-07
3.93817e-07
3.97536e-07
4.01326e-07
4.04505e-07
4.06837e-07
4.09285e-07
4.13076e-07
4.17770e-07
4.21806e-07
4.24665e-07
4.27099e-07
4.29876e-07
4.33233e-07
4.36761e-07
4.39715e-07
4.42328e-07
4.45717e-07
4.49939e-07
4.53712e-07
4.56299e-07
4.58264e-07
4.60619e-07
4.64038e-07
4.68157e-07
4.71653e-07
4.73992e-07
4.76283e-07
4.79457e-07
4.83059e-07
4.86260e-07
4.88823e-07
4.91168e-07
4.94102e-07
4.97782e-07
5.01184e-07
5.03476e-07
5.05329e-07
5.07825e-07
5.11014e-07
5.14160e-07
5.16656e-07
5.18649e-07
5.21141e-07
5.24831e-07
5.28882e-07
5.31896e-07
5.33713e-07
5.35266e-07
5.37341e-07
5.40024e-07
5.42789e-07
5.45247e-07
5.47821e-07
5.51071e-07
5.54452e-07
5.56827e-07
5.58040e-07
5.59132e-07
5.61287e-07
5.64683e-07
5.68241e-07
5.70754e-07
5.72361e-07
5.74227e-07
5.76849e-07
5.79541e-07
5.81488e-07
5.82738e-07
5.84301e-07
5.87022e-07
5.90382e-07
5.93020e-07
5.94449e-07
5.95571e-07
5.97446e-07
6.00189e-07
6.02954e-07
6.04890e-07
6.06244e-07
6.07971e-07
6.10271e-07
6.12337e-07
6.13600e-07
6.14535e-07
6.16084e-07
6.18690e-07
6.21693e-07
6.23896e-07
6.25084e-07
6.26276e-07
6.28180e-07
6.30307e-07
6.31853e-07
6.32670e-07
6.33446e-07
6.35132e-07
6.37755e-07
6.40149e-07
6.41499e-07
6.42359e-07
6.43590e-07
6.45237e-07
6.46779e-07
6.47808e-07
6.48547e-07
6.49859e-07
6.52132e-07
6.54375e-07
6.55500e-07
6.55840e-07
6.56462e-07
6.57816e-07
6.59539e-07
6.60888e-07
6.61522e-07
6.62239e-07
6.63952e-07
6.66063e-07
6.67213e-07
6.67223e-07
6.67173e-07
6.68098e-07
6.70136e-07
6.72250e-07
6.73075e-07
6.72709e-07
6.72660e-07
6.73650e-07
6.74942e-07
6.75799e-07
6.76256e-07
6.76825e-07
6.78099e-07
6.79860e-07
6.80897e-07
6.80734e-07
6.80461e-07
6.80977e-07
6.81888e-07
6.82491e-07
6.82575e-07
6.82491e-07
6.83106e-07
6.84701e-07
6.86069e-07
6.86074e-07
6.85299e-07
6.84933e-07
6.85274e-07
6.86009e-07
6.86660e-07
6.86886e-07
6.87125e-07
6.87931e-07
6.88575e-07
6.88018e-07
6.86784e-07
6.86216e-07
6.86795e-07
6.88058e-07
6.88998e-07
6.88685e-07
6.87597e-07
6.87194e-07
6.87674e-07
6.87922e-07
6.87532e-07
6.87048e-07
6.86908e-07
6.87198e-07
6.87411e-07
6.86591e-07
6.84928e-07
6.84020e-07
6.84530e-07
6.85370e-07
6.85523e-07
6.84931e-07
6.84054e-07
6.83612e-07
6.83688e-07
6.83141e-07
6.81397e-07
6.79741e-07
6.79399e-07
6.79948e-07
6.80333e-07
6.79828e-07
6.78362e-07
6.76931e-07
6.76488e-07
6.76323e-07
6.75286e-07
6.73739e-07
6.72684e-07
6.72281e-07
6.72143e-07
6.71656e-07
6.70290e-07
6.68602e-07
6.67662e-07
6.67186e-07
6.66094e-07
6.64481e-07
6.63211e-07
6.62581e-07
6.62325e-07
6.61716e-07
6.59945e-07
6.57523e-07
6.55995e-07
6.55598e-07
6.55087e-07
6.53742e-07
6.51875e-07
6.50065e-07
6.48830e-07
6.47962e-07
6.46425e-07
6.44093e-07
6.42309e-07
6.41770e-07
6.41563e-07
6.40623e-07
6.38642e-07
6.36029e-07
6.33793e-07
6.32430e-07
6.31053e-07
6.28940e-07
6.26849e-07
6.25613e-07
6.24848e-07
6.23688e-07
6.21604e-07
6.18778e-07
6.16300e-07
6.15000e-07
6.14038e-07
6.12108e-07
6.09405e-07
6.07070e-07
6.05616e-07
6.04620e-07
6.03114e-07
6.00384e-07
5.97085e-07
5.94648e-07
5.93271e-07
5.91887e-07
5.89904e-07
5.87646e-07
5.85523e-07
5.83610e-07
5.81513e-07
5.78677e-07
5.75478e-07
5.73135e-07
5.71924e-07
5.70617e-07
5.68131e-07
5.64676e-07
5.61250e-07
5.58766e-07
5.57252e-07
5.55704e-07
5.53385e-07
5.50834e-07
5.48720e-07
5.46596e-07
5.43650e-07
5.39916e-07
5.36225e-07
5.33513e-07
5.31999e-07
5.30648e-07
5.28221e-07
5.24906e-07
5.21865e-07
5.19443e-07
5.16953e-07
5.13863e-07
5.10337e-07
5.07099e-07
5.04855e-07
5.03192e-07
5.00791e-07
4.97268e-07
4.93675e-07
4.90809e-07
4.88359e-07
4.85647e-07
4.82366e-07
4.78867e-07
4.76027e-07
4.74017e-07
4.71661e-07
4.68070e-07
4.64021e-07
4.60680e-07
4.58152e-07
4.55764e-07
4.52732e-07
4.48834e-07
4.45032e-07
4.42323e-07
4.40063e-07
4.36896e-07
4.32839e-07
4.28952e-07
4.25936e-07
4.23750e-07
4.21560e-07
4.18301e-07
4.14109e-07
4.10226e-07
4.06962e-07
4.03481e-07
3.99580e-07
3.95883e-07
3.92791e-07
3.90335e-07
3.87957e-07
3.84548e-07
3.80022e-07
3.75790e-07
3.72596e-07
3.69627e-07
3.66155e-07
3.62320e-07
3.58539e-07
3.55301e-07
3.52600e-07
3.49340e-07
3.44863e-07
3.40303e-07
3.36827e-07
3.34023e-07
3.30955e-07
3.27245e-07
3.23003e-07
3.18994e-07
3.15945e-07
3.13054e-07
3.09049e-07
3.04380e-07
3.00286e-07
2.96940e-07
2.93788e-07
2.90267e-07
2.86037e-07
2.81623e-07
2.78852e-07
2.85508e-07
2.91474e-07
2.94817e-07
2.95721e-07
2.95320e-07
2.94613e-07
2.95400e-07
2.97876e-07
3.02099e-07
3.05999e-07
3.08220e-07
3.07896e-07
3.05342e-07
3.01646e-07
2.98691e-07
2.97813e-07
3.06370e-07
3.14335e-07
3.19547e-07
3.22449e-07
3.23289e-07
3.23297e-07
3.24579e-07
3.27799e-07
3.32912e-07
3.38836e-07
3.43347e-07
3.44694e-07
3.43411e-07
3.40786e-07
3.37764e-07
3.36565e-07
3.37426e-07
3.40528e-07
3.43397e-07
3.47695e-07
3.49745e-07
3.50927e-07
3.52594e-07
3.56361e-07
3.62997e-07
3.70834e-07
3.78008e-07
3.81516e-07
3.81739e-07
3.80100e-07
3.78065e-07
3.77047e-07
3.79016e-07
3.83408e-07
3.87588e-07
3.90257e-07
3.89018e-07
3.84636e-07
3.79259e-07
3.83640e-07
3.91288e-07
4.01302e-07
4.10589e-07
4.17488e-07
4.20126e-07
4.20082e-07
4.18588e-07
4.18062e-07
4.20604e-07
4.26097e-07
4.32882e-07
4.38175e-07
4.39558e-07
4.36779e-07
4.31912e-07
4.26123e-07
4.22458e-07
4.28857e-07
4.40850e-07
4.50861e-07
4.56581e-07
4.59042e-07
4.59409e-07
4.59504e-07
4.62217e-07
4.68526e-07
4.77513e-07
4.85368e-07
4.89911e-07
4.90255e-07
4.86823e-07
4.82497e-07
4.78503e-07
4.78166e-07
4.81892e-07
4.86821e-07
4.90744e-07
4.96235e-07
4.97727e-07
4.99528e-07
5.02422e-07
5.09574e-07
5.20487e-07
5.32027e-07
5.40333e-07
5.44121e-07
5.43261e-07
5.39085e-07
5.36137e-07
5.35921e-07
5.40504e-07
5.47714e-07
5.53870e-07
5.55638e-07
5.52201e-07
5.44273e-07
5.40357e-07
5.48303e-07
5.61540e-07
5.76491e-07
5.88924e-07
5.96628e-07
5.98755e-07
5.96627e-07
5.93882e-07
5.94372e-07
5.99965e-07
6.10086e-07
6.19486e-07
6.25102e-07
6.24932e-07
6.19631e-07
6.10600e-07
6.02602e-07
5.99159e-07
6.17572e-07
6.34190e-07
6.46087e-07
6.51844e-07
6.52923e-07
6.51628e-07
6.52416e-07
6.59426e-07
6.70958e-07
6.85046e-07
6.94836e-07
6.98812e-07
6.96298e-07
6.89491e-07
6.81745e-07
6.78660e-07
6.81835e-07
6.88836e-07
6.95933e-07
7.02327e-07
7.06694e-07
7.07230e-07
7.09159e-07
7.16952e-07
7.31088e-07
7.48049e-07
7.63586e-07
7.72193e-07
7.74079e-07
7.69715e-07
7.63191e-07
7.60554e-07
7.64530e-07
7.73442e-07
7.84088e-07
7.90531e-07
7.89771e-07
7.81901e-07
7.67945e-07
7.70592e-07
7.86855e-07
8.07435e-07
8.28180e-07
8.43437e-07
8.51066e-07
8.51074e-07
8.45960e-07
8.42474e-07
8.46554e-07
8.58519e-07
8.73306e-07
8.85553e-07
8.91440e-07
8.87169e-07
8.76179e-07
8.62165e-07
8.52760e-07
8.61168e-07
8.87832e-07
9.10542e-07
9.25276e-07
9.29313e-07
9.27776e-07
9.24828e-07
9.28944e-07
9.42274e-07
9.62131e-07
9.81129e-07
9.93458e-07
9.95621e-07
9.87189e-07
9.75173e-07
9.65188e-07
9.64781e-07
9.72430e-07
9.84441e-07
9.93034e-07
1.00392e-06
1.00508e-06
1.00441e-06
1.00893e-06
1.02494e-06
1.04823e-06
1.07325e-06
1.09362e-06
1.10355e-06
1.10043e-06
1.09029e-06
1.08043e-06
1.07974e-06
1.09062e-06
1.10653e-06
1.12145e-06
1.12847e-06
1.12274e-06
1.10403e-06
1.08550e-06
1.10117e-06
1.12936e-06
1.16097e-06
1.18942e-06
1.20781e-06
1.21284e-06
1.20606e-06
1.19764e-06
1.19743e-06
1.20834e-06
1.23020e-06
1.25206e-06
1.26676e-06
1.26851e-06
1.25659e-06
1.23569e-06
1.21776e-06
1.21044e-06
1.24063e-06
1.27846e-06
1.30714e-06
1.32075e-06
1.32020e-06
1.31445e-06
1.31428e-06
1.32662e-06
1.35030e-06
1.38051e-06
1.40551e-06
1.41826e-06
1.41321e-06
1.39607e-06
1.37775e-06
1.36926e-06
1.37408e-06
1.39012e-06
1.40796e-06
1.42236e-06
1.42988e-06
1.42677e-06
1.42727e-06
1.44042e-06
1.46762e-06
1.50397e-06
1.54091e-06
1.56502e-06
1.57178e-06
1.55962e-06
1.54166e-06
1.53209e-06
1.53839e-06
1.55795e-06
1.58359e-06
1.60417e-06
1.60711e-06
1.59047e-06
1.55769e-06
1.54620e-06
1.57697e-06
1.62170e-06
1.67026e-06
1.70865e-06
1.72572e-06
1.72379e-06
1.70845e-06
1.69821e-06
1.70325e-06
1.72674e-06
1.76137e-06
1.79462e-06
1.81084e-06
1.80306e-06
1.77680e-06
1.74381e-06
1.72173e-06
1.72653e-06
1.78658e-06
1.84076e-06
1.87382e-06
1.88140e-06
1.87291e-06
1.86344e-06
1.86934e-06
1.89469e-06
1.93579e-06
1.98175e-06
2.01479e-06
2.02025e-06
2.00137e-06
1.97093e-06
1.94774e-06
1.94431e-06
1.96037e-06
1.98839e-06
2.01426e-06
2.03120e-06
2.03095e-06
2.02506e-06
2.02904e-06
2.05774e-06
2.10597e-06
2.16326e-06
2.21172e-06
2.23657e-06
2.23084e-06
2.20618e-06
2.18268e-06
2.17541e-06
2.19487e-06
2.23082e-06
2.26988e-06
2.29033e-06
2.28235e-06
2.24435e-06
2.19471e-06
2.20880e-06
2.26404e-06
2.33380e-06
2.40249e-06
2.44675e-06
2.45693e-06
2.44198e-06
2.42038e-06
2.41181e-06
2.42929e-06
2.47339e-06
2.52715e-06
2.56973e-06
2.57818e-06
2.55214e-06
2.50667e-06
2.46368e-06
2.43910e-06
2.48635e-06
2.57455e-06
2.64526e-06
2.67671e-06
2.67299e-06
2.65474e-06
2.64667e-06
2.66286e-06
2.71152e-06
2.78131e-06
2.84409e-06
2.87889e-06
2.87045e-06
2.83063e-06
2.78515e-06
2.75918e-06
2.76424e-06
2.80121e-06
2.84958e-06
2.87878e-06
2.89420e-06
2.88331e-06
2.87277e-06
2.89024e-06
2.94404e-06
3.02724e-06
3.11348e-06
3.17127e-06
3.18765e-06
3.16185e-06
3.11937e-06
3.08787e-06
3.09220e-06
3.13510e-06
3.19999e-06
3.25313e-06
3.26660e-06
3.23353e-06
3.16466e-06
3.10621e-06
3.15943e-06
3.25491e-06
3.36516e-06
3.45393e-06
3.49509e-06
3.48963e-06
3.45615e-06
3.42666e-06
3.42595e-06
3.46977e-06
3.54891e-06
3.62990e-06
3.67314e-06
3.66229e-06
3.60706e-06
3.53363e-06
3.47804e-06
3.46114e-06
3.58869e-06
3.71233e-06
3.79037e-06
3.81215e-06
3.79216e-06
3.75994e-06
3.75911e-06
3.80357e-06
3.89348e-06
3.99774e-06
4.07838e-06
4.10088e-06
4.06720e-06
3.99875e-06
3.93456e-06
3.91402e-06
3.94452e-06
4.01374e-06
4.07831e-06
4.11194e-06
4.11432e-06
4.08970e-06
4.07950e-06
4.12491e-06
4.22481e-06
4.35767e-06
4.47291e-06
4.53283e-06
4.52810e-06
4.47566e-06
4.40903e-06
4.37681e-06
4.40682e-06
4.49170e-06
4.59012e-06
4.65058e-06
4.64295e-06
4.56826e-06
4.45785e-06
4.42589e-06
4.53356e-06
4.68921e-06
4.84836e-06
4.95479e-06
4.98539e-06
4.94905e-06
4.88996e-06
4.85157e-06
4.87785e-06
4.97239e-06
5.09883e-06
5.20498e-06
5.24019e-06
5.19263e-06
5.08860e-06
4.97996e-06
4.91537e-06
4.98993e-06
5.18285e-06
5.34391e-06
5.42248e-06
5.41837e-06
5.36581e-06
5.32388e-06
5.34565e-06
5.44844e-06
5.60230e-06
5.74822e-06
5.83668e-06
5.83074e-06
5.74986e-06
5.63581e-06
5.55795e-06
5.56157e-06
5.64696e-06
5.75905e-06
5.83966e-06
5.85970e-06
5.83364e-06
5.79086e-06
5.80061e-06
5.90145e-06
6.08361e-06
6.27610e-06
6.41666e-06
6.46657e-06
6.41830e-06
6.31805e-06
6.22983e-06
6.21968e-06
6.30398e-06
6.45286e-06
6.58182e-06
6.63623e-06
6.58212e-06
6.43699e-06
6.26440e-06
6.33238e-06
6.52186e-06
6.76688e-06
6.97406e-06
7.08950e-06
7.08849e-06
7.00057e-06
6.91094e-06
6.88829e-06
6.97177e-06
7.13716e-06
7.32622e-06
7.44757e-06
7.45470e-06
7.34163e-06
7.16505e-06
7.02023e-06
6.97091e-06
7.20386e-06
7.47739e-06
7.66999e-06
7.73521e-06
7.68320e-06
7.58619e-06
7.54908e-06
7.62951e-06
7.82330e-06
8.05855e-06
8.25138e-06
8.32921e-06
8.27101e-06
8.10934e-06
7.94400e-06
7.87235e-06
7.93510e-06
8.09332e-06
8.25838e-06
8.34234e-06
8.33286e-06
8.25276e-06
8.20311e-06
8.27128e-06
8.47108e-06
8.76366e-06
9.03489e-06
9.19647e-06
9.19698e-06
9.07446e-06
8.90733e-06
8.81608e-06
8.86353e-06
9.03696e-06
9.26735e-06
9.43365e-06
9.45278e-06
9.30005e-06
9.04849e-06
8.87885e-06
9.08656e-06
9.40692e-06
9.76305e-06
1.00244e-05
1.01188e-05
1.00392e-05
9.88101e-06
9.76954e-06
9.80643e-06
9.99304e-06
1.02670e-05
1.05236e-05
1.06431e-05
1.05705e-05
1.03380e-05
1.00767e-05
9.91029e-06
9.98902e-06
1.04102e-05
1.07832e-05
1.09853e-05
1.09926e-05
1.08587e-05
1.07335e-05
1.07312e-05
1.09309e-05
1.12532e-05
1.16001e-05
1.18311e-05
1.18542e-05
1.16822e-05
1.14192e-05
1.12206e-05
1.11884e-05
1.13547e-05
1.16161e-05
1.18426e-05
1.18913e-05
1.18034e-05
1.16738e-05
1.16527e-05
1.18227e-05
1.21903e-05
1.26314e-05
1.29946e-05
1.31408e-05
1.30366e-05
1.27975e-05
1.25720e-05
1.25114e-05
1.26610e-05
1.29785e-05
1.33122e-05
1.34994e-05
1.34176e-05
1.31013e-05
1.27022e-05
1.26786e-05
1.30620e-05
1.35850e-05
1.40777e-05
1.43806e-05
1.43921e-05
1.41812e-05
1.39443e-05
1.38465e-05
1.39947e-05
1.43484e-05
1.47881e-05
1.51006e-05
1.51721e-05
1.49321e-05
1.45355e-05
1.41830e-05
1.40349e-05
1.44363e-05
1.50719e-05
1.55195e-05
1.56886e-05
1.55621e-05
1.53300e-05
1.51973e-05
1.53002e-05
1.56888e-05
1.62266e-05
1.67072e-05
1.69120e-05
1.68088e-05
1.64516e-05
1.60743e-05
1.58703e-05
1.59453e-05
1.62876e-05
1.67083e-05
1.69671e-05
1.68820e-05
1.66709e-05
1.65165e-05
1.65893e-05
1.69594e-05
1.75811e-05
1.82275e-05
1.86500e-05
1.86839e-05
1.84056e-05
1.80175e-05
1.77697e-05
1.78054e-05
1.81523e-05
1.86818e-05
1.91259e-05
1.92444e-05
1.89489e-05
1.84021e-05
1.78239e-05
1.81620e-05
1.88436e-05
1.96529e-05
2.02745e-05
2.05357e-05
2.03783e-05
2.00151e-05
1.96906e-05
1.96853e-05
2.00366e-05
2.06692e-05
2.12972e-05
2.16206e-05
2.15130e-05
2.10320e-05
2.04352e-05
1.99895e-05
1.99449e-05
2.09110e-05
2.17829e-05
2.22540e-05
2.22861e-05
2.19848e-05
2.16478e-05
2.15479e-05
2.18787e-05
2.25841e-05
2.34175e-05
2.39993e-05
2.40876e-05
2.37335e-05
2.31457e-05
2.26497e-05
2.24888e-05
2.27996e-05
2.34194e-05
2.40248e-05
2.42211e-05
2.38837e-05
2.35373e-05
2.34000e-05
2.36721e-05
2.44302e-05
2.54228e-05
2.62897e-05
2.66661e-05
2.64812e-05
2.59493e-05
2.53796e-05
2.51544e-05
2.54218e-05
2.61396e-05
2.69188e-05
2.74266e-05
2.73226e-05
2.66966e-05
2.58098e-05
2.53547e-05
2.61188e-05
2.72846e-05
2.84008e-05
2.91166e-05
2.91912e-05
2.87813e-05
2.82011e-05
2.78383e-05
2.80521e-05
2.88147e-05
2.98345e-05
3.06064e-05
3.08245e-05
3.03872e-05
2.95583e-05
2.87076e-05
2.82467e-05
2.88805e-05
3.03195e-05
3.13810e-05
3.17814e-05
3.15595e-05
3.10092e-05
3.05824e-05
3.06510e-05
3.14232e-05
3.26279e-05
3.37778e-05
3.43447e-05
3.41932e-05
3.34402e-05
3.25509e-05
3.19538e-05
3.20188e-05
3.27687e-05
3.37628e-05
3.44671e-05
3.44422e-05
3.37391e-05
3.32434e-05
3.32092e-05
3.39334e-05
3.52995e-05
3.67423e-05
3.77675e-05
3.79745e-05
3.74416e-05
3.64869e-05
3.57811e-05
3.57113e-05
3.64672e-05
3.76920e-05
3.87413e-05
3.91451e-05
3.86658e-05
3.75062e-05
3.61269e-05
3.62487e-05
3.77257e-05
3.95362e-05
4.09771e-05
4.16271e-05
4.13836e-05
4.05566e-05
3.96848e-05
3.94471e-05
4.01604e-05
4.15793e-05
4.30619e-05
4.38973e-05
4.38034e-05
4.28208e-05
4.14590e-05
4.03182e-05
4.00734e-05
4.19185e-05
4.38995e-05
4.50658e-05
4.52371e-05
4.45189e-05
4.36524e-05
4.32173e-05
4.38185e-05
4.53295e-05
4.71997e-05
4.85951e-05
4.90039e-05
4.83384e-05
4.69553e-05
4.56923e-05
4.51997e-05
4.58527e-05
4.72166e-05
4.86596e-05
4.92989e-05
4.88066e-05
4.74745e-05
4.69070e-05
4.73223e-05
4.89207e-05
5.10964e-05
5.30772e-05
5.40912e-05
5.38959e-05
5.26984e-05
5.12258e-05
5.04955e-05
5.09942e-05
5.25700e-05
5.44032e-05
5.56520e-05
5.57037e-05
5.45012e-05
5.24926e-05
5.06010e-05
5.21157e-05
5.46608e-05
5.72268e-05
5.89572e-05
5.93304e-05
5.84321e-05
5.69703e-05
5.59217e-05
5.61972e-05
5.77638e-05
6.01001e-05
6.20135e-05
6.27748e-05
6.19819e-05
6.01119e-05
5.80302e-05
5.68560e-05
5.76835e-05
6.08809e-05
6.34022e-05
6.45426e-05
6.40633e-05
6.26558e-05
6.13924e-05
6.13724e-05
6.29653e-05
6.55288e-05
6.82097e-05
6.97702e-05
6.96862e-05
6.80005e-05
6.58062e-05
6.42555e-05
6.43340e-05
6.59463e-05
6.81824e-05
7.00216e-05
7.03563e-05
6.88803e-05
6.67271e-05
6.63921e-05
6.78052e-05
7.07361e-05
7.39859e-05
7.64581e-05
7.71977e-05
7.61094e-05
7.38626e-05
7.19814e-05
7.16585e-05
7.32015e-05
7.59234e-05
7.84769e-05
7.97436e-05
7.89333e-05
7.64221e-05
7.32651e-05
7.23515e-05
7.53486e-05
7.93290e-05
8.27715e-05
8.45658e-05
8.40532e-05
8.20967e-05
7.99139e-05
7.91898e-05
8.04607e-05
8.35003e-05
8.69082e-05
8.92296e-05
8.93905e-05
8.72330e-05
8.40359e-05
8.13888e-05
8.06673e-05
8.37575e-05
8.82617e-05
9.12775e-05
9.18589e-05
9.01911e-05
8.78307e-05
8.65966e-05
8.76342e-05
9.07399e-05
9.48730e-05
9.83572e-05
9.97457e-05
9.84713e-05
9.52787e-05
9.21478e-05
9.08057e-05
9.20362e-05
9.50397e-05
9.84517e-05
1.00521e-04
9.98838e-05
9.66073e-05
9.39819e-05
9.44084e-05
9.76591e-05
1.02457e-04
1.07169e-04
1.09940e-04
1.09666e-04
1.06948e-04
1.03465e-04
1.01520e-04
1.02126e-04
1.05504e-04
1.09807e-04
1.13259e-04
1.13858e-04
1.11349e-04
1.06776e-04
1.02489e-04
1.02489e-04
