KIOPS_epi2 = [ 
180, 0.0003332774958835216, 1.236952388217194e-05, 8.368053563856392e-06, 3.0091051646133436e-11, 2.940102552473426e-15, 29.540149999999993; 
360, 0.0013557779220718658, 4.9514174680242995e-05, 3.307201658486747e-05, 1.2044499206727505e-10, 1.1780899589471929e-14, 49.22904999999999; 
720, 0.005584379581705434, 0.00019737106858003228, 0.0001287546150265939, 4.82326741074084e-10, 4.7290011162326064e-14, 89.62025; 
1440, 0.023238678088091547, 0.0007689879209125672, 0.0005125211134000551, 1.9317725105164854e-09, 1.905071695858195e-13, 164.4529; 
];  
RK23 = [ 
180, 0.00033322411582048517, 1.2482791645784808e-05, 8.368390162161177e-06, 1.4162857485450308e-10, 1.3432336505143668e-14, 27.082737500000007; 
360, 0.0013557218917412683, 4.995918835432045e-05, 3.307238758054609e-05, 5.492321865460976e-10, 5.20929580916913e-14, 54.91797499999999; 
720, 0.005584320922935149, 0.000198385508940635, 0.00012875503708187352, 9.00901602885733e-10, 8.543921518659139e-14, 109.87465; 
1440, 0.02323861662989657, 0.0007708195241180049, 0.0005125214559456026, 1.9317722167925644e-09, 1.9050715327712655e-13, 225.6431; 
];  
RK45 = [ 
180, 0.0005573202961386414, 1.4536145849453064e-05, 8.368053663332375e-06, 2.054764639646107e-09, 1.9488675263691602e-13, 50.41383749999999; 
360, 0.0017058325829566456, 5.411695647133952e-05, 3.307201663460546e-05, 4.229870401601756e-09, 4.011589541747273e-13, 104.66605; 
720, 0.005710817022190895, 0.0002078375291301171, 0.00012875461521844045, 9.669854103177725e-09, 9.171405594313524e-13, 207.56260000000003; 
1440, 0.023238678086272557, 0.0007932796369449213, 0.0005125211140537544, 1.9045384746841906e-08, 1.8063364163618164e-12, 431.39160000000004; 
];  
MERSON4 = [ 
180, 0.0003332774849695852, 1.2369522681132672e-05, 8.368054487561949e-06, 3.894804048388795e-10, 3.801507152317193e-14, 27.035287499999992; 
360, 0.0013557778966060141, 4.951417873361175e-05, 3.30720174233079e-05, 4.68221229159627e-09, 4.570030168239226e-13, 54.38175000000001; 
720, 0.005584379556239583, 0.00019737107653222674, 0.00012875461537475985, 6.618013108734977e-09, 6.456923970567367e-13, 107.59525000000001; 
1440, 0.023238678053530748, 0.0007689879234946684, 0.0005125211129524132, 8.134359870740014e-09, 7.939591766183109e-13, 212.4489; 
];  
ARK3(2)4L[2]SA-ERK = [ 
180, 0.00033323185016342904, 1.2455646544728971e-05, 8.368340800757323e-06, 5.354747527900466e-10, 5.2264445214400855e-14, 26.9595125; 
360, 0.0013557270340243122, 4.954747754254418e-05, 3.307235203919845e-05, 5.5483330952269195e-09, 5.41387866474934e-13, 49.991624999999985; 
720, 0.005584328077020473, 0.0001977239065995562, 0.00012875498556752518, 5.768660612854424e-09, 5.629298850645665e-13, 101.14415000000001; 
1440, 0.02323862254525011, 0.0007692042086092643, 0.0005125214217400753, 1.9317724319592618e-09, 1.9050717351327305e-13, 196.4504; 
];  
ERK3(2)3L = [ 
180, 0.00033323123352602124, 1.2500790506075887e-05, 8.368343792142241e-06, 1.5856115144498183e-10, 1.5038333330860427e-14, 28.802637499999996; 
360, 0.001355725717075984, 4.967662213001267e-05, 3.307236141836256e-05, 1.577108602648996e-10, 1.495833180993283e-14, 56.15142500000002; 
720, 0.005584324777373695, 0.0001978407595881193, 0.0001287550090793843, 4.823261386981332e-10, 4.728994604335952e-14, 113.37190000000001; 
1440, 0.023238620582560543, 0.0007699090072849635, 0.0005125214341958895, 1.9317724939349685e-09, 1.9050713974279737e-13, 239.16300000000007; 
];  
ERK4(3)4L = [ 
180, 0.00033327745950373355, 1.2369523783417602e-05, 8.36805381254635e-06, 3.1032555571643727e-09, 3.0279854139127595e-13, 28.685287499999998; 
360, 0.0013557778820540989, 4.9514178233567296e-05, 3.307201766489243e-05, 8.705330682605724e-09, 8.493983909962076e-13, 51.98009999999999; 
720, 0.005584379552601604, 0.000197371073656194, 0.00012875461514028075, 3.110969390400559e-08, 3.036439863688561e-12, 98.17645000000002; 
1440, 0.023238678062625695, 0.000768987922735942, 0.0005125211123555573, 4.883940328824252e-08, 4.765263992332016e-12, 191.71020000000001; 
];  
