KIOPS_epi2 = [ 
180, 0.00033327756682410836, 1.2369528727740331e-05, 8.368051034324253e-06, 3.009136287314331e-11, 2.9400843677348398e-15, 20.283262500000006; 
360, 0.0013557779584516538, 4.951504444217214e-05, 3.307201728119935e-05, 1.2044484288783238e-10, 1.1780864222537659e-14, 39.414474999999996; 
720, 0.005584379618085222, 0.00019737130468339137, 0.00012875461552397383, 4.823271635741181e-10, 4.728999930055608e-14, 86.63740000000001; 
1440, 0.023238678088091547, 0.0007689879206296824, 0.0005125211134284768, 1.931773039464844e-09, 1.9050718473976833e-13, 159.42620000000002; 
];  
RK23 = [ 
180, 0.0016844616366142873, 4.228339095702083e-05, 2.2189051422056866e-05, 2.2403997042337866e-08, 2.1249435660373265e-12, 20.8778625; 
360, 0.004149642276388477, 8.885208725462057e-05, 3.310817771762231e-05, 3.299690669468861e-08, 3.1291997879489445e-12, 42.821749999999994; 
720, 0.008538644937289064, 0.00024752441661213265, 0.000128827803735021, 4.38895792599612e-08, 4.1621943021391845e-12, 84.9441; 
1440, 0.02321411517186789, 0.0007985154102447822, 0.0005126778829307455, 2.385583933821189e-08, 2.2628472867428145e-12, 171.9789; 
];  
RK45 = [ 
180, 0.012256227710167877, 0.00019713954503053355, 0.00012940385369329243, 1.3068083792683946e-07, 1.2392862905586206e-11, 37.98701250000001; 
360, 0.022731214503437513, 0.0005354580128882902, 0.00034808260801603335, 3.484243052567455e-07, 3.3046857272205675e-11, 78.77402499999998; 
720, 0.06770693514044979, 0.0007216879562627065, 0.0003853996302019343, 3.84823043080297e-07, 3.649916978971526e-11, 155.63620000000006; 
1440, 0.06218981489291764, 0.0016006660900165781, 0.0005652978971659997, 5.939874552856003e-07, 5.633743215087923e-11, 314.15379999999993; 
];  
MERSON4 = [ 
180, 0.0003332246506033698, 1.2370994880772646e-05, 8.368890149768049e-06, 3.2850976547849237e-09, 3.2053444211249216e-13, 24.581037500000008; 
360, 0.001355589954982861, 5.2659452634884474e-05, 3.307490037940397e-05, 2.474770943840192e-08, 2.4147127266695092e-12, 49.942525; 
720, 0.005584067641393631, 0.0001973862152663819, 0.00012875914313781323, 9.118729248827947e-08, 8.900264004131682e-12, 97.87315000000001; 
1440, 0.0232382079702802, 0.000769028119092352, 0.0005125122484272993, 8.679302139219378e-08, 8.468501056445207e-12, 194.8605; 
];  
ARK3(2)4L[2]SA-ERK = [ 
180, 0.0004625403289537644, 1.3801319162454195e-05, 8.374145451739423e-06, 3.1676475648963135e-09, 3.0907990592801457e-13, 20.902612499999996; 
360, 0.001353094161459012, 4.941580045170202e-05, 3.309099768955548e-05, 4.296262948707631e-09, 4.193339419951263e-13, 41.759274999999995; 
720, 0.005579229855356971, 0.00019717942911035014, 0.0001287940445919844, 1.2678345911665462e-08, 1.237462507527065e-12, 82.86874999999999; 
1440, 0.023225318600452738, 0.0007685379529009939, 0.0005126026612742862, 7.290205999259485e-08, 7.113484416703617e-12, 165.1953; 
];  
ERK3(2)3L = [ 
180, 0.0008424142943113111, 2.39255465123156e-05, 9.119569686275291e-06, 9.224719097623238e-09, 8.749339344143849e-13, 18.7143125; 
360, 0.0026672543135646265, 6.85978735944226e-05, 3.3081259545042485e-05, 1.6188103710392016e-08, 1.535484527977849e-12, 38.08565; 
720, 0.006188405001012143, 0.00022051379587884057, 0.00012877964194046854, 2.094586887762548e-08, 1.9867543173072177e-12, 75.44614999999999; 
1440, 0.023231755920278374, 0.0007911588048066243, 0.0005125637179048681, 1.7367605545037588e-08, 1.647204443652244e-12, 150.4623; 
];  
ERK4(3)4L = [ 
180, 0.0035768603374890517, 8.836425308800244e-05, 2.4770179901767442e-05, 1.3897250169550505e-07, 1.356016705529682e-11, 22.273662499999997; 
360, 0.007863114480642253, 0.00024306777922333822, 3.316704081157695e-05, 1.8679342797920816e-07, 1.8231819172910415e-11, 43.33955000000001; 
720, 0.00816732867679093, 0.00024342299593627104, 0.00012903523712992637, 3.2121905806628487e-07, 3.1343203806708706e-11, 83.79780000000002; 
1440, 0.02629721763332782, 0.0007704480022534543, 0.0005119697098407983, 7.320145331540124e-07, 7.144760803818161e-11, 161.47650000000002; 
];  
