KIOPS = [ 
1e-5, 0.00883406260618358, 0.0003073805861721901, 0.00020022519207429923, 7.539661427743288e-10, 7.402187853885516e-14, 98.51312499999999; 
1e-6, 0.008834063042741036, 0.0003071078694845131, 0.00020022522313922764, 7.539658286741832e-10, 7.40218965846274e-14, 102.490375; 
1e-7, 0.008834063179165241, 0.00030710828583147, 0.00020022527739627094, 7.539657680334004e-10, 7.402188354329786e-14, 102.64487499999998; 
1e-8, 0.008834063128233538, 0.00030710724070798223, 0.00020022527729679496, 7.539659258864605e-10, 7.402188867512638e-14, 107.61049999999999; 
1e-9, 0.008834063130052527, 0.000307107170225307, 0.0002002252770765267, 7.539655572509456e-10, 7.402191154170724e-14, 108.4136875; 
1e-10, 0.008834063128233538, 0.0003071071541165815, 0.00020022527714758098, 7.539657568322367e-10, 7.402190603433872e-14, 108.82793749999999; 
1e-11, 0.008834063130052527, 0.0003071071533424785, 0.00020022527654361966, 7.539658353555791e-10, 7.402188662040974e-14, 108.24662499999998; 
1e-12, 0.00883406312277657, 0.00030710715333381877, 0.0002002252768136259, 7.539656366552022e-10, 7.402190996344663e-14, 111.81875; 
];  
RK23 = [ 
1e-5, 0.04006946489607799, 0.0005036324599791975, 0.0002812588812150618, 2.899724275521341e-07, 2.7504621618759507e-11, 100.9718125; 
1e-6, 0.015722644657216733, 0.0004045277461827701, 0.00020223217614301348, 8.914927891933065e-08, 8.454406497034785e-12, 103.96656250000001; 
1e-7, 0.010808563651153236, 0.00039391352806161795, 0.00020031230795325428, 6.800850204963022e-08, 6.450444333885633e-12, 106.975; 
1e-8, 0.008833272166157258, 0.00033129290239564124, 0.00020023033638949528, 2.158214453331572e-08, 2.0471419088623452e-12, 110.44043749999999; 
1e-9, 0.00883392823743634, 0.0003180977873316615, 0.00020022610615910708, 9.587260220788172e-09, 9.092991738554729e-13, 115.7784375; 
1e-10, 0.008833994144879398, 0.0003083900757883118, 0.00020022569022160042, 1.3661661284599386e-09, 1.295491868427508e-13, 118.88406249999998; 
1e-11, 0.00883399953818298, 0.0003084821455450193, 0.00020022565644950419, 1.528314097915857e-09, 1.4493510763321743e-13, 123.34968749999999; 
1e-12, 0.008834002241201233, 0.00030821799202312983, 0.00020022564035571122, 1.1725417253043693e-09, 1.1120252125484488e-13, 132.4916875; 
];  
RK45 = [ 
1e-5, 0.7436638322433282, 0.012585385857270093, 0.007261463971435704, 7.792126646422747e-06, 7.390160229031358e-10, 190.18512500000003; 
1e-6, 0.1816087286297261, 0.001950805307685155, 0.0011285682754813855, 1.134883097661505e-06, 1.076465243819031e-10, 191.63968749999995; 
1e-7, 0.0534189119025541, 0.0011998086037104394, 0.0006330343942499434, 6.419159655495541e-07, 6.088738336295698e-11, 194.9823125; 
1e-8, 0.022610449199419236, 0.0006427110196782215, 0.0002460461228952645, 2.4831212897432556e-07, 2.355022154207347e-11, 212.36825; 
1e-9, 0.014588314817956416, 0.00047087897771747045, 0.00020022527683494218, 1.2292442528842555e-07, 1.165907779151587e-11, 228.31474999999998; 
1e-10, 0.009985406903069816, 0.0003286718967993041, 0.00020022527599650175, 1.80045739751156e-08, 1.7075480105317714e-12, 236.16793750000002; 
1e-11, 0.008834063131871517, 0.0003203760575599124, 0.0002002252771262647, 1.1984916311333919e-08, 1.1367782046564873e-12, 236.80575000000002; 
1e-12, 0.008834063126414549, 0.0003269776041417982, 0.00020022527642993282, 1.640291597060423e-08, 1.5556475734848858e-12, 250.85575; 
];  
MERSON4 = [ 
1e-5, 0.008805053708783817, 0.0003086526070499862, 0.00019984103637682438, 1.3143580864088927e-07, 1.2824694341216186e-11, 110.62281249999998; 
1e-6, 0.008830931998090819, 0.0003072803050531703, 0.00020018221572115635, 4.02885158902634e-08, 3.932325601654214e-12, 117.968625; 
1e-7, 0.0088337883753411, 0.00030712242657804367, 0.0002002214673098024, 4.296199778560241e-08, 4.193269077922718e-12, 121.646; 
1e-8, 0.008834023585222894, 0.000307109380656978, 0.00020022472767067256, 2.462196043024253e-08, 2.4023652358678128e-12, 123.36268749999999; 
1e-9, 0.008834050062432652, 0.0003071078854980369, 0.00020022509493600182, 2.2443568467966705e-08, 2.189818626515287e-12, 125.6055625; 
1e-10, 0.00883406199136516, 0.00030710721837806654, 0.000200225260272191, 4.456056296863622e-09, 4.3492586227276937e-13, 128.10943749999998; 
1e-11, 0.008834062915411778, 0.00030710716163862006, 0.00020022527360197273, 6.031741482391217e-09, 5.887194268507371e-13, 131.4874375; 
1e-12, 0.008834063104586676, 0.00030710715441018, 0.0002002252763446677, 2.3539586008833486e-09, 2.297522396232385e-13, 131.6971875; 
];  
ARK3(2)4L[2]SA-ERK = [ 
1e-5, 0.007906895803898806, 0.0002144909032040232, 0.00021976681860280678, 1.0008299939674256e-07, 9.765393676551726e-12, 98.0883125; 
1e-6, 0.008664923896503751, 0.00030069721452830045, 0.0002013744557842756, 2.045797049962795e-08, 1.9967884766337443e-12, 101.39106249999999; 
1e-7, 0.008827075280350982, 0.0003068522445038857, 0.00020027045765402818, 3.9231727157281716e-08, 3.8291786077418795e-12, 103.41075; 
1e-8, 0.008833648811560124, 0.0003070922715902591, 0.00020022787866480485, 9.138496033702568e-08, 8.916839102757905e-12, 105.900875; 
1e-9, 0.008833971354761161, 0.00030710487340451786, 0.00020022583396439586, 6.907168768723955e-09, 6.738796274975383e-13, 106.77068750000001; 
1e-10, 0.008834004227537662, 0.0003077288998060701, 0.00020022562834753899, 3.4305254968525037e-09, 3.346498871247136e-13, 113.141875; 
1e-11, 0.0088340081692877, 0.0003075466059805354, 0.0002002256037556549, 7.539648835683732e-10, 7.402182576969516e-14, 118.34406249999998; 
1e-12, 0.008834010415739613, 0.0003075206434477451, 0.00020022559102272908, 8.760887556432429e-09, 8.55095640338138e-13, 124.1396875; 
];  
ERK3(2)3L = [ 
1e-5, 0.02038971383262833, 0.0005902149432053805, 0.00021500569717953968, 2.1809810642843867e-07, 2.0686068107964073e-11, 88.63437499999999; 
1e-6, 0.013183916793423123, 0.0003527528974921479, 0.00020055173077793143, 3.9154453933486037e-08, 3.713434154545977e-12, 89.97025000000001; 
1e-7, 0.008878922255462385, 0.00033887578525571005, 0.00020025421373048857, 2.671808948618322e-08, 2.534117181108043e-12, 94.4770625; 
1e-8, 0.008833774247250403, 0.00031640947363692495, 0.0002002270874541523, 8.17966458512497e-09, 7.75745759500348e-13, 98.105875; 
1e-9, 0.008833983692966285, 0.0003105128377583477, 0.0002002257555631104, 3.254287342934437e-09, 3.086378911035067e-13, 107.2486875; 
1e-10, 0.00883399959820963, 0.00030771704490134555, 0.00020022565565369632, 7.539647006295854e-10, 7.40218337122834e-14, 114.83337499999999; 
1e-11, 0.008834001908326172, 0.000307393744804596, 0.0002002256422741766, 7.539644444732696e-10, 7.40218309776243e-14, 119.34974999999999; 
1e-12, 0.008834005659082322, 0.0003074978906623671, 0.00020022561955101992, 7.539652622463107e-10, 7.402186331707752e-14, 133.3429375; 
];  
ERK4(3)4L = [ 
1e-5, 0.04227591069138725, 0.0010250592522567104, 0.00035113802614794576, 1.7113409565563333e-06, 1.6698314643673924e-10, 100.23256250000001; 
1e-6, 0.012045425131873344, 0.00046236375854391554, 0.00021854010422117653, 3.260222180721299e-07, 3.182116939945406e-11, 98.445; 
1e-7, 0.017023721668010694, 0.0006700499881162614, 0.00020001056696372643, 3.08099893478602e-07, 3.006236575971694e-11, 103.61418750000001; 
1e-8, 0.018932629738628748, 0.0005399699911805556, 0.0002002216475887053, 3.9501534278657924e-07, 3.8555136684265126e-11, 110.20300000000002; 
1e-9, 0.026546227340077166, 0.0006966308951774636, 0.00020022525070828578, 8.403623528704956e-07, 8.202273986876787e-11, 112.2445625; 
1e-10, 0.008834063086396782, 0.0003071071549647364, 0.00020022527643703825, 1.214182761969064e-07, 1.184740514561929e-11, 118.277375; 
1e-11, 0.008834063102767686, 0.0003071071517793955, 0.00020022527605334517, 1.5842632418984404e-08, 1.5458995798631235e-12, 119.80875000000002; 
1e-12, 0.008834063102767686, 0.0003071071516035917, 0.00020022527680652047, 4.5078437410704914e-08, 4.3986503344673675e-12, 122.6381875; 
];  
