 1 0.406759258170701 0.406759258170701 0.8557783647873007
 3 0.5046004603637579 0.0978412021930569 0.7704069109884062
 6 0.5088391695969061 0.004238709233148154 0.6465625816856573
 7 0.5130778788300543 0.004238709233148154 0.22022855322028986
 8 0.5175376925561436 0.004459813726089311 0.08096358773805125
 9 0.5231114018620029 0.005573709305859272 0.06415957119364707
 10 0.5308130469181285 0.007701645056125619 0.11112050323477561
 11 0.5411861086268214 0.010373061708692885 0.6603191006841383
 13 0.5458539104927209 0.004667801865899569 0.5859005900977161
 14 0.5505217123586205 0.004667801865899569 0.29397388332713836
 15 0.5553557656880047 0.004834053329384263 0.14742969619571014
 16 0.5609703438379064 0.005614578149901742 0.12631453329736939
 17 0.567962227748997 0.006991883911090511 0.211272938789745
 18 0.5764151494695108 0.008452921720513767 0.685130190404418
 20 0.5811591953774633 0.004744045907952531 0.5370602431761317
 21 0.5859032412854158 0.004744045907952531 0.27017181940753326
 22 0.590886929300689 0.004983688015273183 0.17610715143362993
 23 0.596630730877451 0.005743801576762008 0.18334748992925715
 24 0.6034663914908285 0.006835660613377529 0.3665984834135175
 26 0.6095517758115593 0.0060853843207308 0.5142681969213955
 27 0.6156371601322901 0.0060853843207308 0.6934596514161934
 28 0.621568453003392 0.005931292871101921 0.7018651043690887
 29 0.6272017108124758 0.0056332578090837375 0.8184295912227014
 30 0.6324786022371877 0.005276891424711888 0.7089826444147072
 31 0.6374175212497424 0.004938919012554707 0.3543481853394255
 32 0.6423739790382081 0.0049564577884657806 0.1719449688868558
 33 0.6479704250618533 0.005596446023645191 0.1417497943689964
 34 0.6547870905261907 0.006816665464337348 0.33414096809881555
 36 0.6609945029633271 0.006207412437136402 0.5144091502528602
 37 0.6672019154004635 0.006207412437136402 0.6288981498195063
 38 0.6733014734925922 0.00609955809212866 0.4865850963060529
 39 0.6793228878784898 0.006021414385897659 0.5586151665132963
 40 0.6853261533646098 0.006003265486119998 0.5399096981131025
 41 0.6912596829634503 0.0059335295988404745 0.5523508256124671
 42 0.6971298006279806 0.005870117664530251 0.30757957781122086
 43 0.7032159464181678 0.00608614579018713 0.3946494100548818
 44 0.7097052296505905 0.006489283232422726 0.86258138366191
 46 0.7142781184930327 0.004572888842442178 0.5166992833611467
 47 0.7188510073354749 0.004572888842442178 0.16296866257434692
 48 0.723877422127672 0.005026414792197074 0.16524746636583199
 49 0.7299496189474504 0.006072196819778376 0.21875459217916432
 50 0.7371089615609413 0.00715934261349093 0.3532070170328947
 51 0.7450348100745701 0.00792584851362875 0.7554498199010191
 53 0.7502288588442618 0.005194048769691817 0.520756445783165
 54 0.7554229076139536 0.005194048769691817 0.3108640893246398
 55 0.7608298057726822 0.005406898158728631 0.31576918303405743
 56 0.7666976352325074 0.005867829459825279 0.3436412472415845
 57 0.7730127994742684 0.006315164241760897 0.4876123656979128
 58 0.7795679006282569 0.006555101153988528 0.5546038891902186
 59 0.7861060211729747 0.006538120544717823 0.5623217567792055
 60 0.7925501969202434 0.006444175747268721 0.6994540574774917
 61 0.7987801542414618 0.006229957321218356 0.7136118434094473
 62 0.8046846625766344 0.005904508335172623 0.6064695073320128
 63 0.8103476039618774 0.005662941385243027 0.41409533929626025
 64 0.816030825891905 0.005683221930027605 0.5612631832910037
 65 0.8217713383560985 0.005740512464193496 0.5266875231177164
 66 0.8274546620905454 0.005683323734446896 0.47963467375691676
 67 0.8331555445571648 0.005700882466619405 0.4549784385901711
 68 0.8389442106881607 0.005788666130995988 0.45141166513631575
 69 0.8448517899198231 0.005907579231662375 0.5554526843235327
 70 0.8507813102083789 0.005929520288555789 0.5300647520824516
 71 0.8566537231338106 0.005872412925431719 0.45400566483738364
 72 0.8625681461478582 0.005914423014047587 0.5336350087154781
 73 0.8685215484931599 0.005953402345301749 0.5731667565253465
 74 0.874398920703104 0.005877372209944146 0.4549566977466842
 75 0.8802788747764848 0.005879954073380853 0.4930930753865364
 76 0.8862356416070419 0.005956766830557107 0.6016331855827007
 77 0.8921313216924345 0.005895680085392525 0.4505674655608207
 78 0.8980105627796453 0.00587924108721086 0.45478332255187986
 79 0.9040117279970212 0.006001165217375914 0.6357076091407708
 80 0.9099641279079655 0.005952399910944325 0.46027615650269615
 81 0.9158622550763815 0.005898127168416025 0.4117448950376247
 82 0.9219220023080058 0.006059747231624257 0.6639426358134802
 83 0.9279606024404292 0.006038600132423382 0.558125798054047
 84 0.9338275233521274 0.005866920911698124 0.3393454463435461
 85 0.9398555244301896 0.006028001078062179 0.6459116610097776
 86 0.9459740991022887 0.006118574672099067 0.7080357540097189
 87 0.9518154472617354 0.00584134815944672 0.35499732194824285
 88 0.9576772976334 0.0058618503716646635 0.5570933499290563
 89 0.963678429365989 0.006001131732589026 0.7465838366455028
 90 0.9694531320324358 0.005774702666446806 0.350190703220433
 91 0.9752291165655851 0.005775984533149279 0.5082669380177812
 92 0.981194477701907 0.005965361136321985 0.7493031548519343
 93 0.9869770404832475 0.0057825627813404955 0.35362685827795626
 94 0.9927544317838797 0.005777391300632144 0.49614631003566384
 95 0.9963772158919398 0.003622784108060162 0.17320048358093584
 96 1.0 0.003622784108060162 0.11024808528159062
