 2 0.04281762085411152 0.04281762085411152 0.5820566817263634
 3 0.08384371699244747 0.04102609613833596 0.5007174271480707
 5 0.09753615091327332 0.013692433920825845 0.6508639286479938
 7 0.10255280829981013 0.0050166573865368085 0.6351606068013509
 8 0.10756946568634694 0.0050166573865368085 0.16693986562774896
 9 0.11297895593740336 0.0054094902510564095 0.0774686383682201
 10 0.11991986227241316 0.006940906335009801 0.08103394336534954
 11 0.1293651358973652 0.009445273624952052 0.4573531537902903
 13 0.13451747145105905 0.00515233555369385 0.5650571869163143
 14 0.1396698070047529 0.00515233555369385 0.25137165283371976
 15 0.1450920227928785 0.005422215788125599 0.15978461504212368
 16 0.1514295258475112 0.006337503054632709 0.15638757930083053
 17 0.15913298291805594 0.0077034570705447405 0.656484767619095
 19 0.16371746102523033 0.004584478107174377 0.5539320153258711
 20 0.1683019391324047 0.004584478107174377 0.20725106441770247
 21 0.17321282597146068 0.0049108868390559555 0.09934460491343151
 22 0.17927812540227203 0.006065299430811368 0.116865453041903
 23 0.18712943086355616 0.007851305461284113 0.32087805678473025
 25 0.19307657737112813 0.005947146507571962 0.5211535709800057
 26 0.1990237238787001 0.005947146507571962 0.565623371398113
 27 0.20491300893708966 0.005889285058389562 0.5212331378252738
 28 0.2107449213047723 0.005831912367682636 0.6297245591086355
 29 0.21646858794294727 0.005723666638174986 0.4944762453506819
 30 0.22211073964404385 0.005642151701096574 0.6771676206484459
 31 0.227638975816981 0.005528236172937143 0.7115334099683475
 32 0.2328938448503569 0.005254869033375913 0.7406409628878856
 33 0.2378517349729567 0.00495789012259977 0.34471107903512366
 34 0.24282055549477619 0.004968820521819494 0.16428413099156197
 35 0.2484651202237992 0.0056445647290230185 0.12570255202264352
 36 0.2554348501227313 0.006969729898932116 0.1768964055768586
 37 0.26398862534001005 0.008553775217278724 0.6977751795492709
 39 0.2680977799129913 0.004109154572981227 0.5635687183366069
 40 0.2722069344859725 0.004109154572981227 0.11784855223529372
 41 0.27681357345859553 0.00460663897262306 0.07648474826571812
 42 0.2829010318263585 0.006087458367762963 0.16667342655096262
 43 0.29072102897053015 0.007819997144171665 0.4608573541150278
 44 0.2993824953581669 0.008661466387636789 0.9570000045394113
 46 0.3037953770541278 0.0044128816959608744 0.5380535835461697
 47 0.30820825875008867 0.0044128816959608744 0.17342213334450557
 48 0.3130175640489671 0.0048093052988784 0.2677226662946717
 49 0.31857163668474003 0.005554072635772982 0.3065389632638159
 50 0.3246896144226923 0.006117977737952269 0.570694700303627
 51 0.3310172872576029 0.0063276728349105785 0.5439985682399909
 52 0.33725639249112466 0.006239105233521774 0.4955383121054635
 53 0.34348098685693546 0.006224594365810794 0.6577089934261953
 54 0.34959364833408824 0.006112661477152765 0.4973001366402038
 55 0.3555946148035547 0.006000966469466439 0.599950604577155
 56 0.36153122316293557 0.005936608359380889 0.5608053835774712
 57 0.3673456432928844 0.0058144201299487955 0.44369297438444794
 58 0.3731853832151383 0.005839739922253882 0.5622279994241357
 59 0.3790493150286839 0.0058639318135456 0.5316068346992454
 60 0.3848495025324157 0.005800187503731792 0.41508062385455263
 61 0.39073355677382976 0.005884054241414091 0.5380065272035172
 62 0.3966967411894924 0.0059631844156626335 0.5369586175827846
 63 0.40261184752409424 0.005915106334601868 0.431853619578513
 64 0.40858771644153175 0.005975868917437533 0.5603683974348668
 65 0.4146035414582911 0.0060158250167593255 0.5671465177313576
 66 0.4205236035507047 0.005920062092413618 0.38906421535580604
 67 0.42652927312798306 0.006005669577278332 0.5817757583549851
 68 0.4326088723680202 0.006079599240037141 0.5943572821719166
 69 0.4385497889049295 0.005940916536909307 0.41965021315029194
 70 0.4445153851351479 0.005965596230218371 0.5792683725096911
 71 0.4505186140110352 0.006003228875887338 0.6009077441718053
 72 0.45638165682057896 0.005863042809543766 0.4481237930704196
 73 0.4622315900454624 0.0058499332248834164 0.5213409772382837
 74 0.4681379405320407 0.00590635048657834 0.6183437927710075
 75 0.47394337957821575 0.005805439046175032 0.41655751333279695
 76 0.47975732987681574 0.005813950298600018 0.5105796393546879
 77 0.4856734626192927 0.005916132742476918 0.6278123072745233
 78 0.4914912605018865 0.0058177978825938205 0.38526853460390736
 79 0.49734820126060847 0.00585694075872195 0.5323934230211003
 80 0.5033261083454107 0.005977907084802193 0.6666981746566224
 81 0.50915493626352 0.0058288279181093845 0.3597867387208568
 82 0.5150270574705434 0.005872121207023449 0.527022015891766
 83 0.5210598231585465 0.006032765688002988 0.7290039067217017
 84 0.5269034532688059 0.005843630110259461 0.35888384055046324
 85 0.5327480434625609 0.005844590193754975 0.48033644398351594
 86 0.538800372567653 0.006052329105092112 0.7813902928498422
 87 0.5446743736250083 0.005874001057355292 0.3833824546570632
 88 0.5504834092906749 0.005809035665666623 0.4029408380281752
 89 0.5565541228779161 0.006070713587241259 0.8413389883264668
 90 0.5624961422636101 0.00594201938569401 0.4967354954260282
 91 0.5682116715928034 0.005715529329193271 0.3408483586246497
 92 0.5741392294620286 0.005927557869225154 0.8258687777435396
 93 0.5800317094428583 0.005892479980829747 0.5294665084378077
 94 0.5856782622431769 0.0056465528003185285 0.3415108043241805
 95 0.5915022937918983 0.0058240315487214245 0.7912891224046537
 96 0.597311592963384 0.005809299171485701 0.47824613471069854
 97 0.6029458614046814 0.005634268441297484 0.32649575644268225
 98 0.6088286801546783 0.005882818749996844 0.8040708817868608
 99 0.6147107855933234 0.005882105438645126 0.45822834559359654
 100 0.6204283876143378 0.005717602021014464 0.3565815650606003
 101 0.6263756886704165 0.005947301056078678 0.830377388265301
 102 0.6322629333742961 0.005887244703879607 0.507870937235593
 103 0.6379215058368396 0.005658572462543539 0.3588341636277979
 104 0.6437541246096168 0.005832618772777194 0.7802143749457457
 105 0.6495548585513486 0.005800733941731819 0.4665263979217855
 106 0.6551990857814318 0.005644227230083229 0.36851462932925316
 107 0.6610452404798499 0.0058461546984180995 0.7626992410993406
 108 0.6668575397355885 0.005812299255738576 0.41817616790719314
 109 0.6725756220204651 0.005718082284876525 0.3926268688049507
 110 0.6785210291401039 0.00594540711963884 0.7802473302833892
 111 0.684389734579975 0.00586870543987105 0.45195004342246536
 112 0.6901152020476973 0.0057254674677222495 0.40473352792457984
 113 0.696014948116988 0.005899746069290771 0.7514743906864401
 114 0.7018420789272047 0.005827130810216637 0.46775500966138445
 115 0.7075285028136217 0.005686423886416919 0.4032236752492439
 116 0.7133730799354939 0.005844577121872287 0.7073979534217599
 117 0.7191766773855658 0.005803597450071843 0.4407644691466294
 118 0.7248969911620401 0.005720313776474303 0.4142010894906459
 119 0.7307923786300689 0.00589538746802874 0.6965825623635374
 120 0.7366408456628849 0.0058484670328160125 0.4496003158115656
 121 0.7424032521348147 0.00576240647192979 0.4264663314234908
 122 0.7483178100318219 0.005914557897007173 0.677974908370627
 123 0.7541842653820872 0.0058664553502653415 0.4840360372754443
 124 0.7599419347459616 0.005757669363874491 0.42592400740811776
 125 0.7658160248489587 0.005874090102997161 0.6346781913693658
 126 0.7716750917465828 0.005859066897624049 0.49957408556389293
 127 0.7774420145345561 0.005766922787973272 0.4248878415898367
 128 0.7833112664151717 0.0058692518806156115 0.5977415475030315
 129 0.7891960264978536 0.005884760082681956 0.5184754191491099
 130 0.7949992645351402 0.005803238037286653 0.4259518472747678
 131 0.8008860003901985 0.0058867358550582435 0.5601591912316423
 132 0.8068190802479713 0.005933079857772821 0.5579994873982212
 133 0.8126658123524595 0.005846732104488193 0.42048139945811047
 134 0.8185668236229328 0.005901011270473313 0.5238375283398296
 135 0.8245540550192008 0.005987231396268022 0.6110086795495289
 136 0.830442503363855 0.005888448344654164 0.48546427453513175
 137 0.8362706282300377 0.005828124866182792 0.4597269783053739
 138 0.8421774288892749 0.005906800659237208 0.6047365806108834
 139 0.8480553685905651 0.005877939701290171 0.5236692218524425
 140 0.8538414559475781 0.005786087357013003 0.46676652890116804
 141 0.8596613745361164 0.005819918588538255 0.5618792681531726
 142 0.8654810666634519 0.005819692127335614 0.5429101538802076
 143 0.8712277089183408 0.00574664225488889 0.4478849076055224
 144 0.8770104615344634 0.005782752616122624 0.5162608690629369
 145 0.8828540092675922 0.005843547733128752 0.5549236801645744
 146 0.888654477668117 0.005800468400524875 0.4441390891164198
 147 0.8944848375930071 0.005830359924890115 0.4943431278289739
 148 0.9004019699455662 0.005917132352559134 0.6022666872651892
 149 0.9062566730245268 0.005854703078960613 0.4552060065227927
 150 0.9120895587483626 0.005832885723835762 0.45888379263746615
 151 0.9180338806804318 0.005944321932069184 0.6495359947178945
 152 0.923914935093626 0.005881054413194253 0.508085031996481
 153 0.9296842220722881 0.005769286978662054 0.3937392700146441
 154 0.9355849368559803 0.00590071478369222 0.6567020216742121
 155 0.9414924068740748 0.005907470018094416 0.5689024373358458
 156 0.9472280253943578 0.0057356185202830775 0.32959575698306404
 157 0.9531260444185953 0.005898019024237482 0.6587773850520076
 158 0.9591173894446737 0.005991345026078453 0.6435071254910248
 159 0.9648735195266569 0.005756130081983153 0.35388660452391063
 160 0.9706975558873048 0.005824036360647893 0.6228457833445058
 161 0.9766063461355473 0.005908790248242558 0.6679089482174356
 162 0.9822920919603686 0.0056857458248212945 0.3569055804592671
 163 0.9880230408223154 0.005730948861946846 0.576863585641555
 164 0.9938705245665335 0.005847483744218069 0.6390547514229629
 165 0.9969352622832668 0.003064737716733268 0.055735533204856635
 166 1.0 0.0030647377167332124 0.08753453357885792
