 3 0.0025287383706886443 0.0025287383706886443 0.9211368254352081
 4 0.004867871080404231 0.0023391327097155874 0.49368970844114124
 5 0.007531015432913842 0.002663144352509611 0.7285427467384372
 6 0.010194716822865907 0.002663701389952065 0.6515085545500633
 7 0.012960083556375382 0.002765366733509475 0.5601851790659456
 8 0.015979055768445605 0.0030189722120702225 0.7090096623339792
 9 0.019026138258439677 0.003047082489994071 0.5092250318205679
 10 0.02245980220087413 0.003433663942434455 0.6998028623896014
 11 0.0259405693137193 0.0034807671128451686 0.8947412788052063
 12 0.029191662778012842 0.003251093464293542 0.7927617703365616
 13 0.0323531530081653 0.003161490230152457 0.5059842832380518
 14 0.03592329934697171 0.0035701463388064115 0.9585970035118727
 15 0.03918223751005551 0.003258938163083808 0.47743475372911337
 16 0.04293402575947742 0.0037517882494219087 0.6378723325883146
 17 0.0468565560847107 0.003922530325233278 0.6828082086600438
 18 0.05086561274910329 0.004009056664392593 0.7065054709379027
 19 0.05491677359119528 0.004051160842091991 0.6386698455159523
 20 0.059150537987715156 0.004233764396519875 0.7187104989654228
 22 0.06297361320409621 0.0038230752163810502 0.7292108817452781
 23 0.06679631985105376 0.0038227066469575456 0.5979665945893059
 24 0.07087992489525184 0.004083605044198074 0.7175779158670316
 25 0.07498508293270234 0.004105158037450502 0.9564122975034645
 26 0.07873524162912789 0.00375015869642554 0.7399759006529378
 27 0.08246676616442168 0.0037315245352937897 0.571888288791517
 28 0.08651257277973806 0.004045806615316385 0.8938353336166422
 29 0.09029269722542246 0.0037801244456843993 0.5997440570004493
 30 0.09432682512077462 0.004034127895352146 0.6417643444415331
 31 0.09853600490602074 0.004209179785246127 0.7477527956842651
 32 0.10270969942336623 0.0041736945173454915 0.8096461613855956
 33 0.10673995823321684 0.004030258809850616 0.9040985605639433
 34 0.11049126935458028 0.0037513111213634356 0.5034305143906918
 35 0.11473459902566101 0.004243329671080722 0.5725130320170961
 37 0.11878851528041513 0.004053916254754128 0.7293449134383595
 38 0.12284179239053489 0.004053277110119753 0.4713963410374853
 39 0.12752777558992473 0.004685983199389829 0.7790769286546986
 40 0.13211113074178535 0.004583355151860616 0.9379954234904485
 41 0.13632531024453887 0.004214179502753517 0.3965560513327284
 42 0.1414837675039058 0.0051584572593669316 0.553052437197521
 43 0.14713934994834332 0.005655582444437535 0.7859129282826653
 44 0.15265498596002466 0.0055156360116813494 0.8167377719206713
 45 0.1579656132712805 0.005310627311255852 0.68044733336758
 46 0.16339965602849732 0.0054340427572168145 0.9674445186559703
 47 0.1683448786098842 0.0049452225813868865 0.5505780418668267
 48 0.17377476820895757 0.005429889599073379 0.5137721717904764
 49 0.1798755077270468 0.006100739518089224 0.48657869601697934
 50 0.1868548199159121 0.00697931218886529 0.7167752653694599
 51 0.19387358636194638 0.007018766446034264 0.7685430739090646
 52 0.20076985375242687 0.006896267390480499 0.6884336463355301
 54 0.206929493616244 0.006159639863817112 0.7293944015117922
 55 0.21308802305691737 0.006158529440673395 0.8468214031627613
 56 0.21894661592442582 0.005858592867508447 0.639329979415774
 58 0.22436436784426594 0.005417751919840108 0.8572759720367257
 59 0.2294972382080089 0.005132870363742954 0.5150042188001043
 60 0.23525967674571277 0.005762438537703875 0.4313277164256086
 61 0.24212037836204908 0.006860701616336304 0.6550863278444932
 62 0.24922994608219706 0.007109567720147978 0.9014465402721275
 63 0.2558539121081621 0.00662396602596506 0.8584311996265798
 64 0.26212675583624734 0.0062728437280852286 0.6567041470682092
 65 0.2686218009362348 0.006495045099987438 0.652663314715983
 66 0.27536076435141793 0.006738963415183164 0.5251118451982728
 67 0.2828775997232529 0.007516835371834925 0.9974159659446891
 68 0.2896491997649423 0.006771600041689412 0.944658063325602
 69 0.2958607204565642 0.006211520691621876 0.9099667560318306
 70 0.30162988180226324 0.00576916134569903 0.6803051740741505
 71 0.30753352572368037 0.005903643921417104 0.6447737444049076
 72 0.31368375091707507 0.00615022519339472 0.7360363720969293
 73 0.319814315001354 0.006130564084278942 0.42148588060070674
 74 0.32716916997864176 0.007354854977287763 0.8980270551834346
 75 0.334030345888887 0.006861175910245288 0.6168998241176861
 76 0.34128410451567776 0.007253758626790755 0.6716706248626623
 78 0.3479786312731277 0.006694526757449985 0.7292153775577445
 80 0.353819166523664 0.005840535250536299 0.7294336069459763
 81 0.3596585442557299 0.0058393777320658894 0.3143341593952058
 82 0.36737168891730454 0.00771314466157464 0.7792132668930668
 83 0.3749154674812608 0.007543778563956298 0.8346937738017611
 85 0.3813945602378294 0.006479092756568628 0.8262812177474401
 86 0.3876087330502344 0.0062141728124050204 0.536124433823013
 88 0.39341946388195254 0.005810730831718151 0.7347623257948948
 89 0.39921496474637697 0.005795500864424423 0.4893668924617678
 90 0.4058325263752977 0.006617561628920722 0.3897806758196505
 91 0.41397899486897344 0.008146468493675745 0.5932001310566044
 93 0.4192647113997886 0.00528571653081514 0.9238303273462618
 94 0.4241493536237133 0.004884642223924684 0.5017923243171252
 95 0.4296806422838061 0.0055312886600927804 0.2495511029603464
 96 0.437552167744686 0.007871525460879917 0.6025357200682985
 98 0.4431203506827431 0.00556818293805703 0.9832867006981613
 99 0.44816034573043034 0.005039995047687242 0.8486019457259351
 100 0.45295152616459694 0.00479118043416661 0.1545413047065702
 101 0.4608707887029835 0.007919262538386514 0.9826603662412562
 103 0.4671975199295359 0.006326731226552419 0.7945693468031954
 104 0.4733452124283466 0.0061476924988107156 0.4612650295310785
 106 0.4796743148433885 0.006329102415041931 0.7293213160810386
 107 0.48600248765394194 0.0063281728105534325 0.884320102295327
 109 0.4907756493179103 0.004773161663968344 0.7307043104693237
 110 0.4955450970847582 0.004769447766847925 0.2098522098181151
 112 0.5018788575324366 0.006333760447678386 0.7293292471784792
 113 0.5082116647359091 0.0063328072034725385 0.4580093381541298
 114 0.5156032125639256 0.007391547828016488 0.5766643561075808
 115 0.523595153177854 0.00799194061392838 0.5167715681117763
 117 0.531335385852837 0.0077402326749830405 0.7458908900482125
 119 0.5365776098678813 0.00524222401504422 0.9911935721320754
 120 0.5413099453020004 0.004732335434119051 0.25109901850432986
 121 0.5480311683120692 0.006721223010068885 0.23471551204891417
 122 0.5577850611942202 0.00975389288215102 0.8645014885443757
 125 0.5635925082822714 0.005807447088051151 0.7295781185060316
 127 0.5685839148928824 0.004991406610610992 0.7295867798644186
 128 0.5735739830095682 0.004990068116685733 0.2818719910919674
 129 0.5804024986136974 0.006828515604129209 0.2476399428123714
 130 0.5901440294380588 0.00974153082436139 0.42470892080889283
 134 0.5956234833579177 0.005479453919858951 0.7928541510663039
 135 0.6009517113870488 0.005328228029131181 0.1892041276231151
 136 0.6092272989077304 0.008275587520681619 0.6985220259463183
 138 0.6155862211350818 0.006358922227351344 0.7324605796079757
 139 0.6219351131074885 0.006348891972406709 0.8323465282351961
 140 0.6280095885105657 0.0060744754030771 0.8989408637828796
 141 0.633674409034096 0.005664820523530363 0.7944204385986687
 142 0.6391792659261218 0.00550485689202588 0.543729951887487
 143 0.6452488460732925 0.00606958014717063 0.6121550477364603
 145 0.650311958271185 0.005063112197892564 0.7312525055581742
 146 0.6553698664219311 0.005057908150745992 0.27946517998981696
 148 0.6605332730972593 0.005163406675328248 0.7331554025942537
 149 0.6656869061777346 0.005153633080475315 0.6534745088681041
 150 0.6710318687501088 0.005344962572374159 0.5284671640266076
 152 0.6762090930769044 0.005177224326795584 0.729458752865565
 153 0.6813852318661738 0.005176138789269472 0.430362985104094
 154 0.6875524526822997 0.006167220816125909 0.9425320981371901
 155 0.6932138251519582 0.005661372469658507 0.513156383714871
 156 0.6995771806377363 0.0063633554857781445 0.5020328748775053
 157 0.7067817936806725 0.007204613042936214 0.8949688570683119
 159 0.7127353486109722 0.005953554930299751 0.7409761280085485
 160 0.7186566541971557 0.005921305586183527 0.4602712280958307
 161 0.7255566387254174 0.006899984528261715 0.5652890051150319
 162 0.7330667109115729 0.007510072186155493 0.8574153892958751
 164 0.7391332088278346 0.006066497916261632 0.7406422940178007
 165 0.7451677519906938 0.006034543162859242 0.8934221191749069
 166 0.7508068837359014 0.005639131745207616 0.5939788989612174
 167 0.7568443190971178 0.006037435361216357 0.6163109269118547
 169 0.7620574306707453 0.00521311157362748 0.7303862482074875
 170 0.7672672420530167 0.0052098113822714185 0.4905115097070337
 171 0.7732114286206146 0.0059441865675980195 0.9247854815790523
 173 0.7778737889100801 0.004662360289465376 0.729740470561789
 174 0.7825345716940216 0.004660782783941557 0.4777936861254679
 176 0.7869147631120813 0.004380191418059682 0.7303844864482438
 177 0.7912921851434391 0.004377422031357848 0.5092015186764538
 178 0.7962250436053165 0.0049328584618774304 0.901900200861457
 179 0.8008202053940136 0.004595161788697033 0.31190866783650617
 180 0.8069052044041277 0.006084999010114113 0.9527895881873965
 181 0.8124710174664636 0.005565813062335867 0.44198619641890824
 182 0.8190443543760987 0.006573336909635096 0.6788468456421656
 184 0.8249539534029497 0.005909599026851027 0.8793558351584742
 185 0.8305055879899006 0.005551634586950814 0.3660863949151167
 186 0.8374822155196078 0.006976627529707213 0.49162109779922997
 188 0.8444207838470398 0.006938568327432028 0.7434806449177223
 190 0.8505440718177181 0.006123287970678314 0.739135990823456
 191 0.8566392407542733 0.006095168936555284 0.6138718311303311
 192 0.8630937320163231 0.00645449126204974 0.570740479030723
 193 0.8700965231307277 0.007002791114404641 0.6453553110295469
 195 0.8762792541368151 0.006182731006087321 0.7414153239776006
 196 0.8824272799433995 0.0061480258065844265 0.8586497527742907
 197 0.8882489183676855 0.00582163842428599 0.4121803547430524
 198 0.8952848101886678 0.0070358918209823176 0.6649631459115706
 200 0.9013106804744475 0.006025870285779769 0.7413670202361309
 201 0.907302856192096 0.005992175717648527 0.8540507826824152
 202 0.9129870777609232 0.005684221568827216 0.4280713676996528
 203 0.919771622922587 0.006784545161663745 0.7377973214160771
 205 0.9254602155813868 0.00568859265879982 0.737128271078396
 206 0.9311278216731741 0.005667606091787249 0.5411646081982365
 207 0.9373866800740837 0.006258858400909512 0.8676355935288365
 208 0.943292751836375 0.005906071762291286 0.8065280941665586
 209 0.949003189866738 0.005710438030363126 0.6129148020645655
 210 0.9550534126088994 0.00605022274216141 0.4369005680158055
 211 0.9622262452417868 0.00717283263288735 0.9194300264229642
 213 0.9678467673115244 0.005620522069737653 0.7366752633748503
 214 0.9734477015395845 0.00560093422806004 0.5274775284689558
 215 0.9796858220155105 0.006238120475925925 0.5064082144018636
 217 0.9856150458867953 0.005929223871284817 0.737071554965689
 218 0.9915225469604679 0.0059075010736727085 0.688231740704993
 219 0.9957612734802339 0.004238726519766034 0.16978291390699538
 220 1.0 0.0042387265197660895 0.26057606435411984
