 2 0.04281762085411152 0.04281762085411152 0.5820566817263634
 3 0.08384371699244747 0.04102609613833596 0.5007174271480707
 5 0.09763807892191018 0.0137943619294627 0.6655077111319505
 7 0.10257956392335789 0.004941485001447707 0.62119024454044
 8 0.10747118169934657 0.0048916177759886735 0.1603957980889115
 9 0.11403528000960493 0.006564098310258364 0.11819714567120133
 10 0.12194677903528249 0.007911499025677565 0.2615341766808942
 11 0.12955784458686467 0.007611065551582188 0.7610941431431065
 13 0.13396603839863544 0.004408193811770768 0.5201183297865248
 14 0.1383742322104062 0.004408193811770768 0.1569971429660575
 15 0.14418282911648925 0.005808596906083045 0.10917691867223232
 16 0.15129309226327628 0.007110263146787027 0.1919560668348079
 17 0.15856780608768412 0.0072747138244078306 0.38945274398424456
 18 0.1653714392379229 0.006803633150238794 0.7884789557823499
 20 0.16940250715948385 0.004031067921560934 0.5279062917378238
 21 0.1734335750810448 0.004031067921560934 0.17035095011273083
 22 0.17865727917972768 0.005223704098682895 0.10261641966856386
 23 0.18521348745481703 0.006556208275089349 0.20219869397231222
 24 0.19178593361946503 0.006572446164648007 0.47152369719037196
 25 0.1977058152975483 0.00591988167808327 0.647542194638197
 26 0.2032489390736075 0.005543123776059188 0.5609292972206706
 27 0.2088478735287666 0.005598934455159099 0.451133428284476
 28 0.21468518608103587 0.005837312552269256 0.4843163624999246
 29 0.22049974997811314 0.005814563897077274 0.5216458308354911
 30 0.22624629854549244 0.0057465485673793126 0.5152693535784785
 31 0.23199861588238785 0.005752317336895418 0.43349141375392547
 32 0.23798378808507675 0.005985172202688895 0.45023891623628337
 33 0.24401582960166554 0.006032041516588785 0.6860844526058788
 34 0.24955422434714983 0.005538394745484281 0.893144257264161
 35 0.2546121460097224 0.005057921662572559 0.6641801452367975
 36 0.2597386564523483 0.005126510442625916 0.36216373212071945
 37 0.26549195328439484 0.005753296832046564 0.2623941218725304
 38 0.27191229098962055 0.006420337705225731 0.40227669907102903
 39 0.2781251410546972 0.006212850065076637 0.7751485119764181
 40 0.2835873806204718 0.005462239565774582 0.7457169712104702
 41 0.2888752778367661 0.0052878972162943 0.6277654227431375
 42 0.29417679875599717 0.005301520919231111 0.3803228825556617
 43 0.3000152462917468 0.005838447535749643 0.341038938564041
 44 0.30618475904859327 0.006169512756846461 0.309231509163375
 45 0.31275845023411175 0.006573691185518483 0.648773806496209
 47 0.31735638348845974 0.004597933254348006 0.5134992488798433
 48 0.3219543167428077 0.004597933254348006 0.1382286509456217
 49 0.3281804979900554 0.006226181247247681 0.07957742148198717
 50 0.33624030115810516 0.008059803168049797 0.17118645693962686
 51 0.3443601361668327 0.008119835008727538 0.6265601066583594
 53 0.34840814602053444 0.004048009853701746 0.5255482458782993
 54 0.3524561558742362 0.004048009853701746 0.09900369531905005
 55 0.35838199622410183 0.005925840349865664 0.1674648933084606
 56 0.36455996309018723 0.006177966866085418 0.21829882950012935
 57 0.37105396585623057 0.006494002766043315 0.23077892458978666
 58 0.37803446356942 0.006980497713189448 0.40044759636982835
 59 0.38468183084849883 0.006647367279078858 0.7039318387302406
 60 0.39065494796973854 0.005973117121239713 0.7699505573228823
 61 0.39632120085728295 0.005666252887544437 0.8380150144788059
 62 0.4016545544136992 0.005333353556416241 0.5239085760804655
 63 0.40731946600206387 0.005664911588364684 0.3101131325522209
 64 0.4137060167348385 0.006386550732774618 0.3674612570936262
 65 0.4201602795301935 0.006454262795355054 0.45336243354156075
 66 0.42651307247027287 0.006352792940079363 0.5772230521638302
 67 0.4325912582113808 0.006078185741107905 0.7850523225926466
 68 0.4381814172119355 0.00559015900055468 0.842537168457593
 69 0.4434501659579598 0.005268748746024277 0.45173423499721804
 70 0.44924721711414684 0.005797051156187073 0.3405314540485899
 71 0.45551716117485896 0.006269944060712152 0.3275729612240555
 72 0.46210741017650875 0.006590249001649772 0.3727684020631769
 73 0.4687939380646496 0.00668652788814085 0.6137359873341918
 74 0.4749383195479995 0.006144381483349912 0.9225997860067103
 75 0.4804255000618318 0.0054871805138323616 0.7893880714104203
 76 0.4857905936332502 0.005365093571418395 0.3112782022053962
 77 0.49217128729244847 0.006380693659198254 0.6062941934400485
 78 0.4979119570331774 0.005740669740728971 0.31986280763955044
 79 0.5044633399512493 0.006551382918071867 0.6002758486306555
 80 0.5103926960653704 0.0059293561141211745 0.6758406780303974
 81 0.5160692822103241 0.005676586144953656 0.4153806730521743
 82 0.5222541744665758 0.006184892256251783 0.43415923176964727
 83 0.5285049487965127 0.006250774329936848 0.8344481132088835
 84 0.5339621814561791 0.005457232659666436 0.5295299066083806
 85 0.539740985043627 0.005778803587447912 0.3359757560735599
 86 0.5461447755401305 0.006403790496503527 0.9371687889005524
 87 0.5514053424628772 0.005260566922746699 0.5276904901584515
 88 0.5570672809757572 0.005661938512880006 0.33820300045352225
 89 0.5633290305138452 0.006261749538088043 0.9331682237822406
 90 0.5684825075013935 0.0051534769875482556 0.46607803354643695
 91 0.5741886326682494 0.005706125166855828 0.3303185756578713
 92 0.5804300669310339 0.006241434262784532 0.9562144793423304
 93 0.5855220197078038 0.00509195277676989 0.3977404543401458
 94 0.5913906100781344 0.005868590370330574 0.4694244626970378
 95 0.5971810138332213 0.005790403755086843 0.7830908445395999
 96 0.6023650526727915 0.005184038839570214 0.2559743785724226
 97 0.6088082994692852 0.006443246796493642 0.8078725163438988
 98 0.614092778957542 0.005284479488256795 0.6314533377608379
 99 0.6194404157338919 0.005347636776349822 0.3064256361765879
 100 0.625637675021473 0.006197259287581176 0.8201011743893186
 101 0.6308247448409761 0.005187069819502966 0.5425215593839692
 102 0.6362739062061512 0.005449161365175147 0.31202009341902465
 103 0.6424369831550031 0.006163076948851856 0.8653543377078955
 104 0.6475438850993592 0.005106901944356121 0.41778448648831995
 105 0.6532862756972784 0.005742390597919196 0.37524618332552123
 106 0.6592952835567619 0.00600900785948359 0.8006746197341529
 107 0.6644904927599404 0.005195209203178488 0.3171055995345227
 108 0.6706542420854228 0.006163749325482362 0.5495936751272296
 109 0.6763419963300421 0.005687754244619264 0.6890072826020336
 110 0.6816994943289468 0.005357497998904702 0.2615298757304396
 111 0.6882147121866807 0.006515217857733873 0.7004873155742154
 112 0.6937534277714228 0.005538715584742011 0.6682007098690468
 113 0.6991806563643237 0.005427228592900928 0.29188889710934873
 114 0.7055892124552178 0.006408556090894108 0.6639948374541339
 115 0.7111862991770371 0.005597086721819378 0.6986648155359848
 116 0.7165754067269547 0.005389107549917572 0.30789473396009254
 117 0.7228979491379831 0.0063225424110284175 0.6524741938608639
 118 0.7284818756913821 0.005583926553398956 0.6896407634072486
 119 0.7338620739660209 0.005380198274638749 0.31077645785218105
 120 0.7401497205197207 0.006287646553699848 0.6686284261362141
 121 0.7456781821920977 0.005528461672376969 0.6554368107227456
 122 0.7510861296971205 0.005407947505022876 0.31268538856295713
 123 0.7573548506108465 0.006268720913726022 0.6891156071756378
 124 0.7628325996442205 0.00547774903337399 0.6177927895229166
 125 0.768287306462806 0.0054547068185854825 0.3072881595440628
 126 0.7745862392473284 0.006298932784522482 0.7146768296230575
 127 0.7800314195559763 0.005445180308647939 0.5912029051770354
 128 0.7855363095397795 0.005504889983803185 0.3404009378246802
 129 0.7917077321761404 0.006171422636360996 0.6729684210713304
 130 0.7971917893104717 0.005484057134331317 0.5634354712681806
 131 0.8027537918055799 0.00556200249510817 0.3751165001935745
 132 0.8088110369441873 0.006057245138607405 0.6207037032771229
 133 0.8143671828792901 0.005556145935102746 0.5282418655775114
 134 0.8200264127399925 0.005659229860702497 0.40662120806292545
 135 0.8260230869707061 0.00599667423071363 0.5754336623012195
 136 0.8316820572458025 0.005658970275096372 0.5149648381639725
 137 0.8374221058690174 0.005740048623214984 0.4263749317827128
 138 0.8434171421808954 0.005995036311877972 0.5358446988679029
 139 0.8492058746360267 0.005788732455131291 0.5531380549443369
 140 0.8549257675960283 0.005719892960001611 0.46113033610674004
 141 0.8608477298221752 0.005921962226146772 0.48018962594421966
 142 0.8667757017861826 0.005927971964007426 0.5914296651568227
 143 0.8724587339342285 0.005683032148045935 0.49267961978237124
 144 0.8783043231505975 0.005845589216369025 0.42364772611558627
 145 0.8843827878119238 0.006078464661326364 0.6299228556233684
 146 0.8900300125971429 0.005647224785219078 0.5234130509470397
 147 0.8958056897487136 0.005775677151570722 0.40144735147607735
 148 0.9019365475062128 0.006130857757499243 0.6325949512332841
 149 0.9075861997535066 0.005649652247293823 0.5549926815824578
 150 0.9132891347176 0.005702934964093316 0.4030834902013935
 151 0.9193844173587629 0.0060952826411628785 0.6026991018972806
 152 0.9250680850437738 0.0056836676850109714 0.5848338081677018
 153 0.9306992061192022 0.0056311210754284085 0.39103556919107146
 154 0.9368028518820847 0.006103645762882494 0.5881150944520328
 155 0.9425038173070397 0.005700965424955001 0.606168107347183
 156 0.9480867919454478 0.0055829746384080895 0.3776508898914302
 157 0.9542166854053165 0.006129893459868702 0.5792580506034494
 158 0.9599358620746419 0.005719176669325415 0.6264892543029855
 159 0.9654825189068408 0.005546656832198901 0.3659075402485872
 160 0.971644432603548 0.006161913696707285 0.5685204296006439
 161 0.9773943680324293 0.005749935428881284 0.650724407999447
 162 0.9829079360953265 0.005513568062897164 0.3680828901508744
 163 0.9890555880033859 0.006147651908059386 0.5366575706346335
 164 0.994527794001693 0.005472205998307056 0.5715394730654432
 165 0.9972638970008465 0.0027361029991535 0.04083417840910391
 166 1.0 0.0027361029991535 0.06841839062166788
