 3 0.0022897817701675025 0.0022897817701675025 0.6692174564161207
 4 0.0043841495087603415 0.0020943677385928394 0.385212031631665
 5 0.006703421899236759 0.002319272390476417 0.4785323606843905
 6 0.00897185765107994 0.00226843575184318 0.4451445315887746
 7 0.011294545926168588 0.0023226882750886483 0.39069822096824136
 8 0.013722749805932043 0.002428203879763456 0.41703783823984114
 9 0.016179814934844966 0.002457065128912922 0.36577878717801265
 10 0.018765711289357688 0.0025858963545127202 0.33605977774963136
 11 0.021493418343114395 0.002727707053756707 0.3384988511622853
 12 0.024333611063232702 0.0028401927201183053 0.4532947991405262
 13 0.027098817833891377 0.0027652067706586767 0.5460475837806766
 14 0.029778928208811065 0.002680110374919689 0.4087987760640298
 15 0.03262786616151872 0.0028489379527076547 0.35773982559891604
 16 0.03563375669080633 0.0030058905292876126 0.6055716663725246
 17 0.03838942297906684 0.0027556662882605083 0.3005084652229829
 18 0.041579635289758006 0.0031902123106911655 0.4188674210924575
 19 0.044693574390572866 0.003113939100814862 0.43621277704092426
 20 0.04784072593538066 0.003147151544807797 0.3964476894154865
 21 0.05111081051420922 0.0032700845788285575 0.3742381438766176
 22 0.05451103320525065 0.0034002226910414303 0.43416760708569313
 23 0.05790000042340162 0.003388967218150968 0.4234694754518831
 24 0.061365425023791595 0.0034654246003899725 0.48825379866904556
 25 0.06478188120291495 0.003416456179123348 0.49859670152157126
 26 0.06819785141268604 0.0034159702097710937 0.38860224396848786
 27 0.07182791889469614 0.0036300674820100923 0.5479403966184322
 28 0.0752720242141575 0.0034441053194613574 0.6460955439694795
 29 0.0785638377698223 0.003291813555664796 0.5180147792292126
 30 0.081950104199788 0.0033862664299656987 0.43411506903942654
 31 0.08547476152207516 0.003524657322287156 0.5402342301251783
 32 0.08887981171984562 0.0034050501977704573 0.52570157684312
 33 0.09228825153110816 0.003408439811262547 0.3889012332708699
 34 0.0959352905776991 0.0036470390465909498 0.47637567022469296
 35 0.09951069108991219 0.003575400512213084 0.47188796263431004
 36 0.1031199319357773 0.0036092408458651116 0.5444982829638068
 37 0.10663923040533269 0.003519298469555382 0.6083478487055677
 38 0.11004761301494251 0.00340838260960982 0.39364659240944255
 39 0.11375568469388803 0.0037080716789455142 0.37159379904727335
 40 0.11761405902231167 0.003858374328423642 0.562669200780163
 41 0.12123057951081063 0.0036165204884989585 0.4121650826827705
 42 0.1250829286560989 0.0038523491452882603 0.41413287791847725
 43 0.12901537264669521 0.003932443990596318 0.7742065251342196
 44 0.13248706269980434 0.003471690053109125 0.49416170520948977
 45 0.1361859395712897 0.0036988768714853364 0.2727314327382451
 46 0.1404490784768491 0.004263138905559396 0.3615822335597136
 47 0.14470022610505015 0.004251147628201063 0.5909344852593258
 48 0.14862534341633699 0.003925117311286824 0.2587804454944133
 49 0.1533143064681601 0.00468896305182311 0.42972999208485013
 50 0.1577741551009936 0.0044598486328335015 0.42888971325187836
 51 0.16231488509478326 0.00454072999378966 0.6995102703481391
 52 0.1664384964070899 0.0041236113123066555 0.41110630964264305
 53 0.17096286166990737 0.0045243652628174594 0.34635937346605356
 54 0.1757762036601283 0.004813341990220936 0.6055687418458812
 55 0.18016992113642094 0.004393717476292646 0.17385126929483338
 56 0.1859396056744852 0.0057696845380642466 0.4633151354891151
 57 0.19105396814267125 0.005114362468186044 0.4321251062187993
 58 0.19630436928212283 0.005250401139451575 0.27492454073668854
 59 0.20223790568033745 0.00593353639821463 0.5180971008685613
 60 0.20768454066236602 0.00544663498202857 0.5754779784919962
 61 0.21299302649398222 0.005308485831616187 0.5499901573658262
 62 0.21829558341522856 0.005302556921246335 0.4694976700526281
 64 0.22262410669631394 0.004328523281085382 0.6146884926188241
 65 0.22672429658065787 0.004100189884343928 0.38111999939435587
 66 0.23122492504720588 0.004500628466547993 0.25823076429026376
 67 0.23630035574450423 0.005075430697298341 0.32859524702363485
 68 0.24143818812024923 0.005137832375745009 0.3675772966640966
 69 0.24667033811449643 0.005232149994247199 0.3283833097461754
 71 0.251056951049239 0.004386612934742561 0.5460238354394827
 72 0.25512986602025206 0.0040729149710131 0.24299601953276487
 73 0.26001541697408725 0.00488555095383522 0.4317028463198674
 74 0.2646185272143344 0.004603110240247133 0.20818005803902756
 75 0.2701661482442829 0.00554762102994855 0.3174195120342349
 76 0.27566718452157485 0.0055010362772919255 0.34961292602250793
 77 0.28130899271708854 0.005641808195513684 0.5442201843267679
 78 0.28659530190926363 0.005286309192175077 0.3313899458144989
 79 0.29249350827470316 0.005898206365439518 0.6098853290573265
 80 0.29783711147210895 0.005343603197405805 0.5061352917737515
 81 0.30332154063715394 0.005484429165044981 0.5754181394065142
 82 0.3086503722845769 0.005328831647422971 0.4564974894114397
 83 0.3142096500164776 0.005559277731900706 0.49396609075121073
 84 0.3197305239852165 0.005520873968738898 0.3091161718327187
 85 0.32591084273640275 0.006180318751186247 0.5315290115788012
 86 0.331638975947939 0.0057281332115362545 0.48210531021989805
 87 0.33747714952773694 0.005838173579797943 0.32982807911829515
 88 0.3438940264400082 0.006416876912271289 0.524947993889617
 89 0.3499104440702886 0.006016417630280377 0.648406992652909
 90 0.3556233127887766 0.005712868718488046 0.6008275583334973
 91 0.3613029331702715 0.00567962038149487 0.2562965309051683
 92 0.36811791152810946 0.006814978357837981 0.6390801714543715
 93 0.3740203045469151 0.005902393018805614 0.46503693478011277
 94 0.38023772450787063 0.006217419960955513 0.9293642017299639
 95 0.38558020685075073 0.005342482342880096 0.4799031639168965
 96 0.3914523089502868 0.005872102099536076 0.5215883197913483
 97 0.39724879312118366 0.0057964841708968585 0.5479549755449923
 98 0.4029683402946842 0.00571954717350055 0.2920511513469734
 99 0.4095460447617846 0.006577704467100391 0.4154518894949386
 100 0.41595432760352913 0.006408282841744549 0.3138161705040339
 102 0.4213710156385353 0.0054166880350061735 0.5138851292738079
 103 0.4264412212815624 0.005070205643027151 0.27365958872609303
 104 0.4323106542549109 0.005869432973348466 0.24333600425915622
 105 0.4387327303255748 0.006422076070663906 0.4293036577236366
 106 0.44479253242439626 0.0060598020988214514 0.2590631164828208
 107 0.4517299291732267 0.006937396748830442 0.40051426718985256
 108 0.45843857324008536 0.0067086440668586815 0.5362966715263668
 109 0.4648612965868157 0.0064227233467303415 0.6953136925712277
 110 0.4708785887220414 0.006017292135225746 0.35879944751744264
 111 0.47768754422807486 0.006808955506033468 0.3299677550227178
 112 0.48488211386439156 0.007194569636316715 0.3743955033687682
 113 0.49218146228518217 0.007299348420790621 0.36658149983277316
 114 0.4997500287429828 0.007568566457800628 0.7133362357180246
 115 0.5064507734612872 0.006700744718304435 0.5520104516053541
 116 0.5133325554204283 0.006881781959141128 0.6970042223015774
 117 0.5198011155760586 0.006468560155630193 0.24200970923858575
 118 0.5278215852332183 0.00802046965715976 0.4186044860572034
 119 0.535428738270963 0.007607153037744691 0.35060256178440996
 120 0.5435182839482576 0.008089545677294608 0.6248538633731033
 121 0.5508607666214363 0.007342482673178757 0.31529724645361884
 122 0.5593018851377584 0.008441118516322024 0.6028654683638321
 124 0.5644563214245134 0.005154436286755011 0.7144362102700211
 125 0.5693303221016027 0.004874000677089354 0.34934770172013563
 126 0.5748998959925923 0.005569573890989558 0.24105498894938135
 127 0.5812087152803044 0.006308819287712125 0.18249603730269848
 128 0.5884657252518444 0.007257009971540033 0.19073385583247068
 130 0.5944090692400307 0.0059433439881863125 0.8189258104360178
 131 0.599083279066233 0.004674209826202324 0.18575456417256905
 132 0.6053715181615359 0.006288239095302847 0.16546929835053162
 133 0.6125197559404697 0.007148237778933764 0.3172936262036239
 134 0.6193949151591525 0.006875159218682717 0.5828308585475827
 135 0.6256534602131824 0.006258545054029902 0.6194419714370483
 137 0.6303463174618227 0.004692857248640326 0.5556613581565176
 138 0.635039174710463 0.004692857248640326 0.12108342299974563
 139 0.6416536681084314 0.0066144933979684255 0.14571528763545938
 140 0.6489702994058097 0.00731663129737834 0.3871901644768946
 141 0.6555756120932706 0.006605312687460921 0.244181983608019
 142 0.6631378002967961 0.007562188203525497 0.27894845730029444
 144 0.669107614080832 0.005969813784035877 0.5144747168006807
 145 0.67460713999254 0.005499525911708043 0.6883930028182931
 146 0.67974304311112 0.005135903118580071 0.45136090122608197
 147 0.6852450464698309 0.005502003358710897 0.23896625083917933
 148 0.6917056885698559 0.006460642100025115 0.3129544209024454
 149 0.6982525811574193 0.006546892587563304 0.2340571118367053
 150 0.7056110901250102 0.007358508967590985 0.2820408025002263
 152 0.7116844466460157 0.006073356521005442 0.51334804542686
 153 0.717290438508723 0.005605991862707321 0.37304897004585236
 154 0.7233281681047873 0.006037729596064332 0.3986964857861004
 155 0.7294641780147767 0.006136009909989397 0.5461224398142394
 156 0.7353103066954016 0.005846128680624989 0.6185894410152818
 157 0.740952418823784 0.0056421121283823615 0.4617122060096273
 158 0.7468798238583216 0.005927405034537579 0.5954855031469922
 159 0.752523672159318 0.0056438483009963875 0.5555810204051641
 160 0.7581736155123362 0.005649943353018162 0.48992057848884574
 161 0.7639444825740549 0.00577086706171867 0.4631124839647244
 162 0.7698174525335819 0.005872969959527075 0.3798103797651124
 163 0.7760304913917203 0.006213038858138356 0.30529116467366824
 164 0.7827662538158218 0.0067357624241014364 0.22916566329069854
 166 0.7887616856793458 0.005995431863524046 0.5134951512013857
 167 0.7941446142912187 0.005382928611872979 0.4168550083482566
 168 0.7997941977800244 0.005649583488805594 0.3581582056156996
 169 0.8057689159910594 0.005974718211035012 0.30222095829103424
 170 0.8122110426973174 0.00644212670625799 0.29112034498868805
 171 0.8190613062536877 0.006850263556370287 0.707203054951672
 172 0.824955146719803 0.0058938404661153364 0.8720658465100227
 173 0.8303895895396708 0.0054344428198678275 0.5445576729491831
 174 0.8361405219085317 0.0057509323688609715 0.2711200219791252
 175 0.8428638353394887 0.0067233134309570486 0.3859423465981863
 176 0.8494618038330947 0.0065979684936059045 0.37624296794585754
 177 0.8562893208860619 0.006827517052967227 0.7373543720971453
 178 0.8623083905737428 0.00601906968768085 0.5335257310518243
 179 0.8685669554202401 0.006258564846497312 0.6738441614367179
 180 0.8744694056091543 0.005902450188914177 0.6540927163793111
 181 0.8802519422433985 0.005782536634244195 0.34668357335610417
 182 0.8867943883478678 0.006542446104469345 0.5758452482823292
 183 0.892837644216478 0.006043255868610171 0.8886169150180475
 184 0.8982359149784429 0.005398270761964915 0.428190697497096
 185 0.9042926183120478 0.006056703333604903 0.40796571614126037
 186 0.9105285568774386 0.006235938565390893 0.37354009050822484
 187 0.9170402955461825 0.0065117386687439036 0.9891599882507723
 189 0.9213082617635514 0.00426796621736887 0.5133590400919781
 190 0.9255762279809203 0.00426796621736887 0.12977196161721394
 191 0.9314385694262031 0.0058623414452827725 0.4379649839620268
 192 0.9365029410046872 0.0050643715784842135 0.4718906290169137
 193 0.941558255307029 0.005055314302341746 0.5707069976448457
 194 0.9464338314785288 0.004875576171499839 0.34462562185759316
 195 0.9518585897994768 0.005424758320947999 0.28365259152303435
 196 0.9577644109242515 0.005905821124774656 0.37947754089922986
 197 0.963618178292668 0.005853767368416635 0.25111395892309085
 198 0.9702587651252474 0.006640586832579374 0.835668514768727
 199 0.975648992599537 0.005390227474289511 0.16418034231818968
 200 0.98312547330426 0.007476480704723023 0.3006991769302337
 201 0.9903994222889432 0.0072739489846831975 0.2757828520400805
 202 0.9951997111444716 0.004800288855528412 0.10028271055358334
 203 1.0 0.004800288855528412 0.1472760751132339
