 0 1.0 1.0 15993315.058883652
 1 0.07524659030771752 0.07524659030771752 26979.686426081706
 2 0.007085000033501319 0.007085000033501319 19.720111620949023
 63 0.22375832788517946 0.005462744469950909 1.032085571238253
 70 0.252222859706964 0.00555252159246756 1.0414331584953291
 101 0.4229402355766764 0.006985907973147273 1.1023846746661243
 123 0.5669193224471762 0.007617437309417897 1.6735780386591104
 129 0.5964283273126151 0.0079626020607707 1.2380328925003088
 136 0.6317442454597326 0.006090785246550257 1.1238067785967787
 143 0.6710320543573034 0.007894254060507219 1.1896384186275424
 151 0.7132298695185005 0.007618779393490292 1.0134020538862385
 165 0.7903492938369365 0.0075830400211148 1.03897470917644
 188 0.9223976777811075 0.005357382234924951 1.0153509849062887
