 3 0.0022897817701675025 0.0022897817701675025 0.6692174564161207
 4 0.0043841495087603415 0.0020943677385928394 0.385212031631665
 5 0.006481442026530528 0.0020972925177701867 0.3538612935358472
 6 0.008696169231854548 0.0022147272053240196 0.4229851571406185
 7 0.011016758495525053 0.0023205892636705043 0.39991846918234003
 8 0.013423614435781845 0.002406855940256791 0.39142193142491416
 9 0.015936122354808402 0.002512507919026557 0.4126262553584057
 10 0.01855209483235659 0.0026159724775481914 0.3172928445184595
 11 0.021323837166854424 0.002771742334497833 0.3517603430380504
 12 0.02429989986782983 0.002976062700975406 0.5274159220431215
 13 0.02736294114794678 0.0030630412801169547 0.7390829654429603
 14 0.030326375157419178 0.002963434009472396 0.5136185090761219
 15 0.03319977995566579 0.002873404798246609 0.42940654196203315
 16 0.03611485173998059 0.002915071784314799 0.6128194749083137
 17 0.039028994428040885 0.002914142688060297 0.3583098883321414
 18 0.041986483007312586 0.0029574885792717 0.3270497760723378
 19 0.04514912995134585 0.0031626469440332694 0.38832554488569526
 20 0.04850859407256975 0.003359464121223899 0.4997505838767127
 21 0.05195329867186826 0.003444704599298509 0.40327333134201043
 22 0.05547430813631671 0.0035210094644484513 0.3715502209527669
 23 0.05916329420854349 0.003688986072226786 0.49306569148316626
 24 0.06296408680958045 0.003800792601036956 0.7173575504932501
 25 0.06667117584327137 0.0037070890336909266 0.5501975017026256
 26 0.0702539950767733 0.003582819233501929 0.4811476663465232
 27 0.07383388885586371 0.003579893779090416 0.5995109137828426
 28 0.07738536467971006 0.003551475823846353 0.8487463853373717
 29 0.08074592643009039 0.003360561750380328 0.4419019592631538
 30 0.08400766512920686 0.003261738699116468 0.36674686417335056
 31 0.08740275094103261 0.003395085811825751 0.7490412099859923
 32 0.09078461703749419 0.0033818660964615665 0.40762683885437284
 33 0.09412377861862992 0.003339161581135737 0.36386163080356393
 34 0.09762520672967491 0.0035014281110449874 0.4292021850561494
 35 0.10128104845533714 0.0036558417256622247 0.5275427987363573
 36 0.1049817921736173 0.003700743718280161 0.6423199134092713
 37 0.10860422436015263 0.003622432186535329 0.5432486968470425
 38 0.11214134523850267 0.0035371208783500315 0.36325358221931436
 39 0.1157631666063949 0.003621821367892226 0.4011356024364
 40 0.11956660086734681 0.003803434260951922 0.6153953342254149
 41 0.12338912690633454 0.003822526038987716 0.3705910665071072
 42 0.1272562793614392 0.0038671524551046796 0.4868084495743411
 43 0.13124573912591098 0.003989459764471757 0.5812266183866718
 44 0.13520989258643284 0.003964153460521865 0.3801828983262125
 45 0.13923089043567713 0.004020997849244293 0.37316301679220665
 46 0.1434629288107817 0.004232038375104585 0.5642110404680102
 47 0.14777298256555588 0.004310053754774159 0.31260820146555757
 48 0.1522277276737335 0.004454745108177621 0.4819343959500679
 49 0.15689287310458933 0.00466514543085583 0.44431006746742213
 50 0.16163733721520093 0.0047444641106116 0.8351754885698236
 51 0.16624638312917375 0.004609045913972807 0.49371044394528857
 52 0.17068472174749644 0.004438338618322698 0.32095782010465845
 53 0.17531317635579294 0.004628454608296501 0.5573386091728818
 54 0.18009139359029241 0.004778217234499465 0.22623592411215465
 55 0.1851700133091574 0.00507861971886497 0.30903545308911967
 56 0.19083926150735514 0.005669248198197762 0.609752135265656
 57 0.19666663557825875 0.005827374070903613 0.37340427878716526
 58 0.20256285241736968 0.005896216839110922 0.5314920372554971
 59 0.20859740365583346 0.006034551238463771 0.8088498522958725
 60 0.2143882947792567 0.005790891123423228 0.5898987079697064
 61 0.21989731460348313 0.005509019824226454 0.614796017067451
 62 0.22525932511626265 0.0053620105127795085 0.6789882047039811
 63 0.2304174511593302 0.005158126043067564 0.44235400586720885
 64 0.23551742145627544 0.005099970296945223 0.29080543392980124
 65 0.24092899814732102 0.00541157669104558 0.34269745168233895
 66 0.24679451526729698 0.005865517119975968 0.434598651524778
 68 0.25147681416281836 0.004682298895521358 0.6932127307229646
 69 0.2561591130583397 0.004682298895521358 0.29100821913458813
 70 0.2609447465049673 0.004785633446627553 0.369929504133034
 71 0.2660986199871737 0.005153873482206421 0.2535191786260001
 72 0.27171311709057666 0.005614497103402938 0.33578553474189954
 73 0.277878857494249 0.006165740403672368 0.6323789082292639
 74 0.2841538048254291 0.006274947331180134 0.49175678523818656
 75 0.29034006057724765 0.006186255751818551 0.7297081661415031
 76 0.2963665612123949 0.006026500635147251 0.786777581099176
 77 0.3020120714634489 0.005645510251053957 0.6400791732208047
 78 0.3073587005877786 0.005346629124329678 0.48167208335097594
 79 0.3126335456904778 0.005274845102699187 0.5252203209682076
 80 0.31792404855385076 0.00529050286337296 0.2972561179410617
 81 0.32344799689577686 0.005523948341926106 0.3556871550909107
 82 0.329405922457594 0.0059579255618171165 0.336582426877076
 83 0.3357658135903604 0.006359891132766398 0.40906680003895524
 84 0.34247621436416914 0.00671040077380877 0.5619590128524037
 85 0.3492604641838895 0.006784249819720345 0.8256182409919262
 86 0.3557295608008055 0.0064690966169159885 0.8495079538333218
 87 0.36168955123323 0.005959990432424537 0.301519198759633
 88 0.36766105468230004 0.005971503449070067 0.47608071446108374
 89 0.3739398215901592 0.0062787669078591644 0.571785851575839
 90 0.38019889226986964 0.006259070679710425 0.957030436924201
 91 0.38608574288745173 0.005886850617582122 0.5838703610773192
 92 0.3916128764412311 0.005527133553779394 0.47227295670986746
 93 0.3971167590533024 0.0055038826120712755 0.486886186413743
 94 0.4026810828942021 0.005564323840899732 0.2735950262732252
 95 0.4085682460322432 0.005887163138041075 0.3917233419767772
 96 0.4149107615727171 0.00634251554047394 0.2761944743566324
 97 0.4217384747866019 0.0068277132138848005 0.8120384050764042
 98 0.42865552436066406 0.006917049574062129 0.5372572480428373
 99 0.4352851451417472 0.006629620781083169 0.4386672834221543
 100 0.4419738268207533 0.006688681679006115 0.34963684525315925
 101 0.44896799686611744 0.00699417004536415 0.3731766814351098
 102 0.4563807502274975 0.007412753361380112 0.5971475615384111
 104 0.4619071836519834 0.005526433424485884 0.5152565074974468
 105 0.4674336170764693 0.005526433424485884 0.5742268436283682
 106 0.47290458781110994 0.005470970734640637 0.2711105898794709
 107 0.4786183284875246 0.005713740676414662 0.17004885487685398
 108 0.4852207622711052 0.006602433783580604 0.271133338729164
 109 0.4928500600094693 0.007629297738364056 0.43039069878572817
 110 0.5010114523880164 0.008161392378547057 0.979961965007956
 111 0.5088557750950917 0.007844322707075317 0.7821420800111933
 112 0.5160295972370025 0.0071738221419107556 0.5254095463696898
 113 0.5229396627575905 0.006910065520588069 0.3575102599222838
 114 0.530044336949313 0.007104674191722503 0.27117220954422905
 115 0.5377626644798529 0.007718327530539965 0.47629876061583154
 116 0.5459498285800244 0.008187164100171498 0.4350720316805596
 118 0.5505272182345881 0.004577389654563642 0.6980174654137824
 119 0.5551046078891517 0.004577389654563642 0.24070319915087637
 120 0.5598548453459481 0.004750237456796409 0.2928886349913648
 121 0.565153856851786 0.005299011505837851 0.23824686062119305
 122 0.5710700783317785 0.005916221479992531 0.5632287104842543
 123 0.5773257452915985 0.006255666959820016 0.25562405942178607
 124 0.5839016692584369 0.006575923966838325 0.1682788820137998
 125 0.5915441199949774 0.007642450736540436 0.22062894082856926
 126 0.6005349649918832 0.008990844996905827 0.6210781724004113
 127 0.6100250965891882 0.009490131597305102 0.46959766638622863
 129 0.6143778156228837 0.004352719033695474 0.7522583657333617
 130 0.6187305346565792 0.004352719033695474 0.17918951651771325
 131 0.6233312566469797 0.004600721990400475 0.10945285727959293
 132 0.6290362302558432 0.005704973608863454 0.16024341444173887
 133 0.6361757480338776 0.007139517778034341 0.3209033076478583
 134 0.6443513715781047 0.008175623544227144 0.2585412283934259
 135 0.6533489111734803 0.008997539595375557 0.43205733851446954
 136 0.6630090349660134 0.009660123792533089 0.6316425326207553
 138 0.6667022278587055 0.0036931928926921456 0.732997039555591
 139 0.6703954207513976 0.0036931928926921456 0.41470801083571157
 140 0.6740433241721938 0.0036479034207962534 0.2856576242229185
 141 0.6779407553795076 0.003897431207313793 0.16053570250391042
 142 0.6824463568222632 0.00450560144275555 0.1211697379215064
 143 0.6880371604486629 0.00559080362639974 0.31271611207528455
 144 0.6946032951477575 0.0065661346990946185 0.2724192332662338
 145 0.7018136718383436 0.0072103766905861275 0.38076993572144957
 146 0.7096028906197118 0.007789218781368143 0.8015890364435856
 148 0.7155373913605875 0.005934500740875656 0.5310328196938704
 149 0.7214718921014631 0.005934500740875656 0.4183237209884009
 150 0.727488840194588 0.00601694809312487 0.35266456598601514
 151 0.7338009952223209 0.006312155027732862 0.42080952216989803
 152 0.7404195741441938 0.006618578921872846 0.5796140052740032
 153 0.7470780429334527 0.006658468789258913 0.7781468484000122
 154 0.7534421761776284 0.006364133244175699 0.45686365742740054
 155 0.7596467814955538 0.006204605317925272 0.45003278829118454
 156 0.7659782767661648 0.006331495270611024 0.8525434353241312
 158 0.7708702804198523 0.004892003653687438 0.5133392502592498
 159 0.7757622840735398 0.004892003653687438 0.3584060237291245
 160 0.7808007598538576 0.005038475780317778 0.6731201076467416
 161 0.7858742306872881 0.005073470833430551 0.5455331833231467
 162 0.7908071968990583 0.004932966211770176 0.8086310186950668
 163 0.7955308180587574 0.004723621159699018 0.4031289849324578
 164 0.8001694231387952 0.004638605080037929 0.42700026354489085
 165 0.8049734798567706 0.004804056717975376 0.26833364444300084
 166 0.8101204173293212 0.005146937472550555 0.33555135826964916
 167 0.8157463905254956 0.005625973196174425 0.2967535788560837
 168 0.821844707099485 0.00609831657398938 0.5618245028111155
 169 0.8281773732639136 0.0063326661644285956 0.6168594746115988
 170 0.8343644161799834 0.006187042916069704 0.36037168672492126
 171 0.840637050245501 0.006272634065517576 0.3640546283649139
 172 0.8472820458051616 0.006644995559660735 0.5905778539286064
 173 0.8540377280546501 0.006755682249488445 0.549897613375948
 174 0.8606739030423447 0.006636174987694682 0.5117325073076413
 176 0.8658688799416392 0.005194976899294471 0.5599507429397713
 177 0.8710638568409337 0.005194976899294471 0.22804507512954306
 178 0.8765796297145557 0.0055157728736220735 0.3354989492901036
 179 0.882690938397864 0.0061113086833082374 0.3136950346618589
 180 0.8892848954468803 0.006593957049016385 0.24723830569573169
 181 0.8965825399505911 0.007297644503710796 0.8962967561772166
 182 0.9039830837202615 0.007400543769670376 0.7487149098631591
 183 0.9108263166751378 0.006843232954876282 0.8199654397427114
 184 0.9172012567155313 0.006374940040393524 0.6206919781604338
 185 0.9232333920073045 0.0060321352917731405 0.43399407778244836
 186 0.929251861629704 0.00601846962239951 0.5046800225280466
 187 0.9353611311354348 0.0061092695057309 0.6900484507890731
 188 0.9413275001464639 0.005966369011029128 0.9508590613593617
 189 0.9468549018255832 0.005527401679119214 0.4825629081691583
 190 0.9521304035447501 0.005275501719166955 0.4023812939629271
 191 0.95753951021062 0.005409106665869965 0.30701454642499365
 192 0.9632984818849621 0.0057589716743421835 0.3584445387189699
 193 0.9694892422687736 0.006190760383811483 0.6271286377344186
 194 0.9757598171960362 0.006270574927262529 0.32674344244794784
 195 0.9821604328018357 0.006400615605799488 0.3015636265780218
 196 0.989104503807994 0.006944071006158243 0.7324053291592685
 197 0.994552251903997 0.005447748096003013 0.4792117315663447
 198 1.0 0.005447748096003013 0.2655019026748256
