 0 1.0 1.0 8.716451807545354
 2 0.7033796290853505 0.2966203709146495 18.29757610558139
 4 0.590000310627626 0.08539985026386807 663.9416634459984
 5 0.5171886083634221 0.012588147999664094 16.974294239984175
 12 0.5527191551017899 0.011533046474968531 8.867269435934123
 19 0.5852968459788298 0.00888169650931907 3.5276859685785116
 25 0.6111220196218552 0.007655628131026769 1.0221921928102102
 35 0.6626463819170397 0.00785929139084902 1.0422478491931253
 45 0.7160547530983365 0.006349523447746091 1.3811926693949446
 52 0.7529489644164643 0.007914154341894188 1.839841460653688
