 0 1.0 1.0 8.716451807545354
 1 0.4514951164381118 0.4514951164381118 1.1284329573329972
 3 0.69519899193426 0.30480100806573995 17.590954456316467
 4 0.5025558585468377 0.11215787467831771 1.024884488511812
 6 0.5903292122518184 0.0998012708352969 721.9341820331518
 7 0.5059534842510579 0.015425542834536362 29.754455525738003
 11 0.5153400938538384 0.009089728508306071 1.0461392821574766
 13 0.522365848605395 0.008055705932321022 2.786973587283234
 18 0.5436970900451223 0.006416478288094406 1.6240459239788434
 22 0.5611969813546909 0.0077679457848157975 1.3645547213208118
 24 0.5660359477088288 0.006299530009620811 1.290634898189312
 29 0.5880132066044266 0.0057587209294426706 1.249635723322185
 34 0.6132847359573556 0.00812604733158409 2.74099741686417
 39 0.6353378807100243 0.007690859696604248 1.1689657213848461
 41 0.6407874978652239 0.006567725166277635 1.4933230548345795
 46 0.6694267200342086 0.009394704295533424 5.666693430186538
 50 0.685254402623663 0.009232129820198227 1.1982238539804317
 52 0.6916671018030597 0.007819250361538159 3.0032050836118467
 57 0.7149716853266816 0.007633566231062289 1.6319819567706653
 64 0.7520008774528695 0.00811653435954324 1.507996303301683
 69 0.776469660986484 0.007007869828159694 1.4330131999996574
 73 0.7949043864152919 0.007355726644308861 1.7568501659749365
 77 0.8123042766892111 0.0076039700603235194 1.1637319455623036
 79 0.8177147422117359 0.006506267608531713 1.0452109946553076
 83 0.8359273578891097 0.0064754911171846005 1.0677134015500942
 94 0.8955422710484752 0.0060811457209930435 1.0182239947362193
 101 0.9302913565949829 0.005874067551997012 1.0136268244026383
 104 0.9416376701238479 0.006693851284385472 1.2848028340083935
 108 0.9591165197029515 0.0070287965575237185 1.5375208240403262
 112 0.9761053193247309 0.0065014078440764345 1.3088344026831462
 116 0.9929860216246168 0.006151729859288419 1.1900063821231361
