 0 1.0 1.0 15993315.058883652
 1 0.07524659030771752 0.07524659030771752 26979.686426081706
 2 0.007085000033501319 0.007085000033501319 19.720111620949023
 67 0.25294294415486657 0.006148428887569578 1.1644762381601903
 103 0.46389452385708296 0.007513773629585416 1.2949797301217232
 117 0.5542989638206509 0.008349135240626493 3.2442458259660953
 128 0.619431232229684 0.009406135640495784 5.639434194270708
 137 0.6726368253003353 0.009627790334321963 10.676813122907042
 147 0.7172939783900627 0.007691087770350865 1.1188373720642704
 157 0.7721119744037956 0.006133697637630842 1.0118386057260442
 175 0.8672709933144745 0.006597090272129879 1.0517360295693858
