 0 1.0 1.0 7920.5867162678915
 1 0.1091497959873805 0.1091497959873805 9.695558496610325
 4 0.1404496935710938 0.04655750993566751 47.026389774029155
 5 0.10701589710806225 0.013123713472635964 1.1841279349399425
 7 0.11622449044519556 0.011164339650756793 6.707063897217773
 11 0.13186967682098752 0.009032396011341518 1.3058864589629215
 13 0.13769179381221494 0.007413171102379846 1.9507124497605397
 17 0.15488760853705846 0.007820452157565763 1.485595317065785
 20 0.16536774093516537 0.005989609490759599 1.2250144845036943
 24 0.18484978301085978 0.00878467052906873 1.5581815871849076
 26 0.18969823794729007 0.006805344810861566 1.886364672180068
 30 0.20641411762504752 0.00754403366394199 1.1049078005107713
 32 0.2119993640928177 0.006560359266280974 1.7841877698833017
 36 0.23051198574128992 0.008480995185867939 1.884873298335512
 38 0.23439265952473914 0.006168544564327366 1.3153548263102037
 42 0.25266063239060244 0.007933259996970306 1.2308113397836071
 44 0.2580096635816319 0.006617188979766701 1.5492692649859983
 48 0.2756375874739839 0.007449443149421694 1.3495306279542154
 56 0.315204815617274 0.006314539988157037 1.447997500153289
 61 0.34339815885700026 0.008810506398375531 6.6207285154556885
 65 0.36325896585349343 0.012145310734202046 2.0811965105522665
 67 0.3681694669281347 0.008468701951113981 3.69788639191534
 72 0.39319447554071885 0.008007965691368956 2.6007254960281507
 76 0.4082649780749993 0.006614578672849634 1.0345146294711787
 90 0.48493263515786544 0.006219852264308124 1.0614220292238876
 97 0.5198018098879169 0.006029736634232816 1.0722103002344165
 100 0.5311121759071628 0.006734681049976614 1.227648252830511
 104 0.5486442984964507 0.00707814391008789 1.4809251235107705
 108 0.5660742353568355 0.007075082626672214 1.5372101577956103
 112 0.5833194639096647 0.00693857607422515 1.519974578971183
 116 0.6002880712772888 0.006516410802627675 1.349137768656638
 120 0.6172029660297855 0.006077172675418687 1.2197288650630225
 123 0.6280294752986777 0.00666359809106707 1.245248185618468
 127 0.6450524853047146 0.006851546336331601 1.4336196178589058
 131 0.6624033875374902 0.0066765797216860896 1.395637840013531
 135 0.6793605970475705 0.00645627131439946 1.3136211287202282
 138 0.6904229737211927 0.006903299977925953 1.094596212028782
 142 0.7079667147945202 0.0069425481503279365 1.0568304213223876
 144 0.7132914489904936 0.0061321469116463025 1.0762736028716293
 147 0.7249408561665396 0.007009690834211677 1.251634210580806
 151 0.7424155822233561 0.006990452577553089 1.1683918738869539
 155 0.7602608202999964 0.007187794916493982 1.1689561902973125
 160 0.7835025499458609 0.006237122949593584 1.086943249395244
 164 0.8005940335176319 0.006210643002719158 1.0402939328526624
 168 0.817904584171426 0.006256541711560979 1.0328031213814293
 188 0.9285982072379614 0.006397600976802994 1.102594834685979
 192 0.9456971711717562 0.0064098994865098855 1.0880435269669382
 196 0.963220247817559 0.0065647458213473125 1.1780434431321216
 200 0.9807067814948416 0.006743354599322546 1.276184842350767
