 0 1.0 1.0 15993315.058883652
 1 0.07556454309238925 0.07556454309238925 14587.298923719907
 2 0.007736950028912714 0.007736950028912714 26.94285766878842
 21 0.06340441107727676 0.0042538730895616125 1.004542230890167
 36 0.11933364558720555 0.004599046561544541 1.0649079205195597
 53 0.20779899577631517 0.007029142023888307 1.0839354474588085
 57 0.22506717424195977 0.0061205583175339305 1.0515484109550035
 77 0.34873861982849896 0.007454515312821225 1.006825873139342
 79 0.3546724988779037 0.006693867604775982 1.098143698660329
 84 0.3821264144605827 0.007210946979321879 1.0052829274311332
 87 0.39449255623072044 0.006883823180486004 1.2134248763256161
 92 0.42270467580417775 0.008725680935204342 3.365250572445124
 97 0.445939636449908 0.008387468705221933 2.5279997668963334
 102 0.46804036322042775 0.007169574517444241 1.0613770862900216
 105 0.4805038860361839 0.0071586736078372605 1.0553347093681986
 108 0.49193620733263255 0.005933719678690598 1.403797013239319
 111 0.5027163797833867 0.007171282698628487 1.0585935886138
 116 0.5325571357235295 0.008961982545675476 1.1323922631177556
 118 0.5390167456337839 0.007681359780946811 2.320870909207665
 123 0.5670002668330035 0.00921520563878333 1.8672429404257689
 124 0.5645350195336507 0.0067499583394304355 1.1455638291631633
 126 0.5693984210224938 0.005805912740222444 1.1482054908328734
 131 0.6018016067123243 0.01165757727426553 2.628374682306718
 132 0.5977866679738567 0.00764263853579792 1.3724881641232574
 133 0.5963377997163236 0.0061937702782648395 1.0533422217493242
 137 0.6176215354935766 0.00839423658584613 1.68491241635128
 144 0.6516822377456755 0.006433391672382988 1.500150012831781
 147 0.66231041592081 0.006940549498878885 1.7806092052603297
 151 0.6769811903680998 0.005949321617990983 1.1069095242268163
 158 0.7135104504082567 0.006728656727584161 1.052861841422484
 163 0.7401814957054181 0.0071147847938452255 1.1770825302901353
 168 0.7632292350945978 0.0063849159974800436 1.3419214384367015
 172 0.7787026878828717 0.005491259262256999 1.1922485007458226
 175 0.7878988692764072 0.005364297582385545 1.3415623317281398
 183 0.8257757323236002 0.006731377947501589 1.0779305689704248
 187 0.8454363038960758 0.007954088376468098 1.098875849050002
 189 0.8513140095699104 0.006893225722870697 1.040426769405808
 194 0.8773896131798459 0.00729309004911812 1.1977723977884611
 199 0.902539654210768 0.007254844022100169 1.2740599330419475
 204 0.9265290944540345 0.006757471531447585 1.2234254322722646
 212 0.9688653537067881 0.006639108465001296 1.202793778976252
 216 0.9867283272589371 0.007042505243426689 1.2229996402655166
