 2 0.39039798386852004 0.39039798386852004 0.7670668715290321
 5 0.49052794141652156 0.10012995754800152 0.7362264462641275
 8 0.4954355411274957 0.004907599710974158 0.9558828886092036
 9 0.4999195751396659 0.004484034012170155 0.2558037500170628
 10 0.5062503653455324 0.00633079020586642 0.24270808448086142
 12 0.514310142673074 0.00805977732754163 0.7301058798035741
 14 0.5194928983316431 0.005182755658569173 0.7449118805371471
 15 0.5246384857055361 0.0051455873738929115 0.5502037044895421
 16 0.5302896553153095 0.005651169609773363 0.38402291232487484
 17 0.5372806117570279 0.00699095644171839 0.9430024405663939
 19 0.542200356841003 0.004919745083975118 0.7331185232994087
 20 0.5471108718846804 0.004910515043677478 0.3406695869441359
 21 0.5534290355698751 0.006318163685194635 0.39129962526092377
 23 0.559736417699208 0.0063073821293329 0.7317294102679978
 25 0.5649464843538559 0.005210066654647903 0.7310064033290379
 26 0.570151779927219 0.00520529557336308 0.5463606046350521
 27 0.5758818648118786 0.00573008488465969 0.5298081513693462
 28 0.582254485674984 0.006372620863105305 0.9881234123066043
 30 0.5870684087734019 0.004813923098417968 0.7305631552283197
 31 0.5918788960374294 0.004810487264027472 0.44161917558601427
 32 0.597561739231471 0.005682843194041634 0.30295038135319946
 33 0.6051586886257715 0.007596949394300438 0.5956249465535447
 35 0.6104146947937075 0.005256006167935947 0.7412868806003929
 36 0.6156414995450461 0.005226804751338589 0.6178805122621347
 37 0.6211644488344557 0.005522949289409557 0.4503104401840487
 38 0.6276470210134201 0.006482572178964438 0.43596378029639227
 40 0.6342197726989462 0.006572751685526202 0.7306750721662111
 42 0.639396374414699 0.005176601715752707 0.7310954238745364
 43 0.6445680257717803 0.005171651357081313 0.38740688948648017
 44 0.6509473373986245 0.006379311626844214 0.24900740897307333
 45 0.6600320157386751 0.009084678340050561 0.6591779554376849
 47 0.6648663181110394 0.004834302372364289 0.7703894183188067
 48 0.6696124496915233 0.00474613158048396 0.29356726251167753
 49 0.6760222728034647 0.006409823111941421 0.24033346921304063
 51 0.6838478514415215 0.007825578638056815 0.7307714160342631
 53 0.6887594975474467 0.004911646105925221 0.747771142123496
 54 0.6936296964504726 0.004870198903025891 0.38570138808048904
 55 0.6996458900900939 0.006016193639621399 0.34728598643592784
 56 0.7073381190956194 0.007692229005525439 0.7459363278735455
 58 0.7131816890449776 0.005843569949358194 0.7322886035347473
 59 0.7190164983225225 0.00583480927754492 0.7194056021666737
 60 0.724877131859784 0.00586063353726155 0.7463653667702679
 61 0.7306919562030131 0.005814824343229097 0.7163170053893486
 62 0.7365408986539077 0.005848942450894571 0.367120651834176
 63 0.7438843430933262 0.0073434444394184385 0.5397595512590984
 65 0.7502611366458232 0.006376793552497032 0.7325276366569771
 66 0.7566276774736436 0.006366540827820403 0.9336817754347039
 67 0.7624903985616316 0.0058627210879880565 0.43295929624672597
 68 0.7694617911583242 0.0069713925966926275 0.71767539497252
 70 0.7750608471960165 0.005599056037692337 0.7316810808895667
 71 0.7806530560368775 0.005592208840860947 0.3878290490752033
 72 0.7875486597709831 0.00689560373410562 0.60053374985705
 74 0.793045053614414 0.005496393843430967 0.7349307216704251
 75 0.7985266226398823 0.005481569025468262 0.5100522431253522
 76 0.8047003066288876 0.006173683989005299 0.38916872925143564
 78 0.8112084746032042 0.00650816797431667 0.7296389706499848
 80 0.8169792229880496 0.0057707483848454 0.7294561589185302
 81 0.8227487682266867 0.0057695452386371925 0.46443890043714586
 82 0.8294518667719251 0.006703098545238304 0.8086127885504012
 84 0.8351548251875665 0.005702958415641373 0.7298518246958413
 85 0.8408555640604897 0.005700738872923253 0.5430153373148383
 86 0.8471438700347259 0.006288305974236204 0.6538156184782721
 87 0.8536644964285033 0.0065206263937773925 0.8782913785046663
 88 0.8597926177690733 0.006128121340570028 0.8190864625518721
 89 0.8656873221322772 0.0058947043632038825 0.5820999252154421
 90 0.8720409655145247 0.006353643382247583 0.8684003699906857
 91 0.8780347204978668 0.00599375498334211 0.9612886005732492
 92 0.8835009011698921 0.005466180672025274 0.5622353130739648
 93 0.8894611253274821 0.005960224157590038 0.6863698348679901
 95 0.8949019003454782 0.00544077501799612 0.7291047057962863
 96 0.9003424149034204 0.005440514557942128 0.42103951238782505
 97 0.9068716995651694 0.0065292846617491076 0.9806311703596362
 98 0.9127869454961689 0.005915245930999417 0.989479878571625
 99 0.918129914363335 0.005342968867166111 0.4468444950354707
 100 0.9244172890429858 0.006287374679650757 0.8940293366564217
 102 0.9296807027876732 0.005263413744687471 0.7291237083104547
 103 0.9349438188394624 0.005263116051789152 0.3529406323419344
 105 0.9404883092606642 0.005544490421201804 0.7295186904585123
 106 0.9460314853193244 0.005543176058660213 0.5588765908203024
 107 0.9520877231454278 0.006056237826103383 0.4659131909512279
 109 0.95757480808056 0.0054870849351321286 0.7307427488865245
 110 0.9630575274927506 0.005482719412190675 0.42760705302430246
 111 0.9696039114806545 0.006546383987903864 0.7442344319997302
 113 0.9749561072079039 0.005352195727249464 0.7297053655621216
 114 0.9803065778226218 0.005350470614717857 0.4005603308224477
 115 0.9868342917653283 0.006527713942706545 0.8710460706120777
 117 0.9920606840183006 0.005226392252972251 0.7294297917911321
 118 0.9960303420091503 0.003969657990849695 0.14680193023858448
 119 1.0 0.003969657990849695 0.2928384803510638
