 1 0.406759258170701 0.406759258170701 0.8557783647873007
 3 0.5046004603637579 0.0978412021930569 0.7704069109884062
 6 0.5088391695969061 0.004238709233148154 0.6465625816856573
 7 0.5130778788300543 0.004238709233148154 0.22022855322028986
 8 0.5183960090127033 0.005318130182648999 0.13725774756257886
 9 0.5248527992220927 0.0064567902093894125 0.15227343494587647
 10 0.5320410348122707 0.007188235590178047 0.24861202959629622
 11 0.5392789030635629 0.007237868251292178 0.708393654221569
 12 0.5453749136099836 0.006096010546420781 0.9412744906572521
 14 0.5495065303352722 0.004131616725288667 0.5150345794444123
 15 0.5536381470605609 0.004131616725288667 0.1310890959922671
 16 0.5593026466580381 0.005664499597477198 0.13928991733216162
 17 0.5657016578323139 0.006399011174275721 0.15829769514086264
 18 0.5727753583442644 0.007073700511950604 0.37041896301541805
 19 0.5792990534034965 0.006523695059232114 0.7970533813117883
 20 0.5849354940157966 0.005636440612300087 0.9449766564184996
 21 0.5901181520475579 0.005182658031761309 0.7347988053272708
 22 0.5952874280942759 0.005169276046717991 0.4976763655987956
 23 0.6007477564323991 0.0054603283381231575 0.3792669338467452
 24 0.6065818580794523 0.005834101647053242 0.42760401133439585
 25 0.6124277471703122 0.005845889090859969 0.49105236393786034
 26 0.6181908108726337 0.005763063702321479 0.6160074287014317
 27 0.6236798730901468 0.00548906221751306 0.7574438991244703
 28 0.6288147719692982 0.005134898879151402 0.5610806894835894
 29 0.6341105767364201 0.005295804767121895 0.3848081605411666
 30 0.6398405627643534 0.00572998602793331 0.33815092681309733
 31 0.6459169640808093 0.006076401316455957 0.44549020003380124
 32 0.6518561426058547 0.005939178525045331 0.8292270387289484
 33 0.6570667011450481 0.005210558539193388 0.5733688190456583
 34 0.6624783687764685 0.005411667631420372 0.3450557447735208
 35 0.6685015811785663 0.006023212402097757 0.342308032384133
 36 0.6747788946114819 0.006277313432915576 0.5764755605154804
 37 0.6805659759802114 0.0057870813687295256 0.6366063057601541
 38 0.6861539667414241 0.005587990761212713 0.3014746227501577
 39 0.6926612775544301 0.0065073108130059695 0.5079029511909082
 40 0.6987364391642489 0.006075161609818839 0.934807981611761
 41 0.7040109553219597 0.005274516157710752 0.5132918838438869
 42 0.7097226967198692 0.005711741397909477 0.38781567296013025
 43 0.7158188310558581 0.006096134335988844 0.5619128134123542
 44 0.7215672614620056 0.005748430406147463 0.6718826223449356
 45 0.7270298902000194 0.005462628738013809 0.3671642489140619
 46 0.73315025413451 0.006120363934490596 0.3506442186196427
 47 0.739545838798842 0.006395584664331993 0.5919696834280014
 48 0.7454244365251984 0.005878597726356454 0.8853084983798829
 49 0.7506995152153061 0.005275078690107654 0.4703871281972808
 50 0.7564871174329973 0.005787602217691284 0.37627929841016317
 51 0.7626359457373749 0.0061488283043776145 0.435157699925475
 52 0.7687656075845976 0.006129661847222598 0.7477858548254936
 53 0.7742569776493404 0.005491370064742921 0.618670787436998
 54 0.7797833153814753 0.00552633773213488 0.33770517274865397
 55 0.7860277985743176 0.006244483192842317 0.4454688429314331
 56 0.7921302582264597 0.0061024596521421035 0.5521152857147342
 57 0.7980160147305245 0.005885756504064904 0.42895751453347375
 58 0.804211826720273 0.006195811989748553 0.6614944479363857
 59 0.8099123028311459 0.005700476110872897 0.6238046099439449
 60 0.8155451808377742 0.005632878006628217 0.39266300100800366
 61 0.8216974193326945 0.006152238494920313 0.5127746730565617
 62 0.8276337066576028 0.0059362873249083304 0.4224805345439412
 63 0.8338434526791264 0.006209746021523564 0.5053064855628224
 64 0.839914719711269 0.006071267032142503 0.7773204675438461
 65 0.8454131731199848 0.005498453408715811 0.38330042252749275
 66 0.851631636545776 0.006218463425791217 0.5350517679136755
 67 0.8575535277303102 0.0059218911845342545 0.5938588145538624
 68 0.8633076836307746 0.0057541559004643476 0.4439493557947061
 69 0.8693752755675438 0.00606759193676925 0.6071836207164798
 70 0.8750964732212188 0.005721197653674986 0.35270225868967375
 71 0.8814802484364095 0.0063837752151907024 0.4851656906587559
 72 0.8876313535363951 0.006151105099985592 0.8068578475163978
 73 0.8931241804663081 0.005492826929913079 0.36507593779052494
 74 0.8994381288936132 0.006313948427304999 0.4628211839529498
 75 0.9056175775048318 0.006179448611218678 0.672365480204253
 76 0.9113390324088761 0.00572145490404426 0.461077890530531
 77 0.9174188677894487 0.006079835380572512 0.6022103461872085
 78 0.9231916572332639 0.005772789443815199 0.3730968199531934
 79 0.9295423496283389 0.006350692395074977 0.460278678030116
 80 0.9357838107179045 0.0062414610895655444 0.7603674691384742
 81 0.9413953926084636 0.005611581890559128 0.3613817376238723
 82 0.9478103961351586 0.006415003526694946 0.5223269575575061
 83 0.9539058240061763 0.006095427871017653 0.6588478541214828
 84 0.9596683543375553 0.005762530331378966 0.4816005910996965
 85 0.9657135987052247 0.00604524436766937 0.5939458567332788
 86 0.9715055864803308 0.005791987775106179 0.28171275211230284
 87 0.9782946220922684 0.006789035611937603 0.503740979462889
 88 0.9845878886905809 0.006293266598312551 0.9075582774989949
 89 0.9900834399176305 0.005495551227049583 0.47525313248081
 90 0.9950417199588153 0.004958280041184759 0.2863948691862872
 91 1.0 0.004958280041184704 0.04888972392160285
