 2 0.047741626778244256 0.047741626778244256 0.8070352219298966
 3 0.09389218363542629 0.046150556857182036 0.7100502056831797
 6 0.10506015079443877 0.011167967159012485 0.7297108291984633
 8 0.11051587582850296 0.005455725034064197 0.8023373487766919
 9 0.11580005022223246 0.005284174393729491 0.3065117352694665
 10 0.122837280809646 0.0070372305874135425 0.3432274556276833
 12 0.1302786227098351 0.00744134190018908 0.737342452559892
 14 0.1356316670243889 0.005353044314553804 0.745625949781855
 15 0.14094462472990946 0.005312957705520577 0.4760026963217527
 16 0.1470671563794927 0.006122531649583241 0.3483367903139417
 18 0.15324168269301602 0.006174526313523324 0.7426550807981448
 19 0.15937813144440577 0.006136448751389748 0.7839436783598648
 21 0.1644181537989426 0.00504002235453682 0.7363656784756182
 22 0.16944131513776906 0.00502316133882646 0.31597244108527145
 23 0.17606511248179105 0.006623797344021993 0.3104577254040667
 25 0.1828928931364285 0.006827780654637472 0.7362338990387259
 27 0.1878611146448342 0.0049682215084057 0.7380753337729804
 28 0.19280888915356323 0.00494777450872901 0.395610441755405
 29 0.19887008396110553 0.00606119480754231 0.37697023891272646
 31 0.2054390048265367 0.006568920865431182 0.731857871942369
 33 0.21031636402976528 0.004877359203228577 0.7371651020871118
 34 0.21517564856790589 0.004859284538140604 0.25641453304657424
 35 0.22203099055542197 0.006855341987516098 0.383970668779231
 37 0.22822411496041178 0.006193124404989825 0.7377493361237096
 39 0.2332939511692346 0.005069836208822815 0.741336170848256
 40 0.23833550854887803 0.0050415573796434195 0.3563550485439192
 41 0.24472737239363213 0.006391863844754101 0.3802083555614626
 43 0.2513924746018652 0.006665102208233063 0.744950466483771
 45 0.256545316887083 0.005152842285217758 0.7315547626567509
 46 0.2616921538612834 0.005146836974200444 0.361287864802569
 47 0.2681881443245622 0.0064959904632788295 0.48305018489903584
 49 0.27425906477274087 0.006070920448178632 0.7304238424622131
 50 0.2803260378977742 0.006066973125033351 0.9175000564419487
 51 0.28594550203184965 0.005619464134075431 0.900909132571022
 52 0.2911821819680845 0.005236679936234808 0.6366746436545117
 53 0.29666060988096243 0.0054784279128779695 0.5418416033034289
 54 0.3027080406683229 0.006047430787360501 0.6823427027043032
 55 0.3088902756291169 0.006182234960794032 0.6841287678953495
 57 0.31391811389383645 0.005027838264719536 0.7309481228741613
 58 0.31894148145335033 0.00502336755951387 0.34092327921663057
 59 0.3254032746329544 0.006461793179604025 0.25051485783757066
 60 0.3345876524586247 0.009184377825670326 0.8258131147441055
 62 0.33891015805988367 0.004322505601258975 0.7818255540665806
 63 0.34313303644174653 0.0042228783818628645 0.09776951334742355
 64 0.3511136551192914 0.007980618677544862 0.2019435289957998
 66 0.3597007649770207 0.008587109857729334 0.7600082882099041
 68 0.36467979996086025 0.0049790349838395795 0.8094443905496779
 69 0.36948812175943513 0.004808321798574867 0.22185943585255932
 70 0.37659192796721047 0.007103806207775367 0.41085994127658654
 71 0.3851865098493499 0.008594581882139416 0.9013059696230441
 73 0.3904543884387296 0.005267878589379692 0.7568238888334614
 74 0.3956569040554415 0.005202515616711915 0.4764257712859712
 75 0.40165039940214964 0.005993495346708117 0.5421904950017647
 77 0.4075372998819821 0.005886900479832472 0.7296815412424685
 78 0.4134223669523011 0.005885067070319 0.6615516838720324
 79 0.41950098357253074 0.006078616620229599 0.6106755538224715
 80 0.4259491476856818 0.0064481641131511015 0.9374597285487727
 81 0.4318790585296951 0.005929910844013296 0.8232608970549582
 82 0.43757344849833896 0.005694389968643828 0.6735528283164888
 83 0.44341998261057225 0.005846534112233318 0.6731356301002059
 84 0.4494239655480033 0.006003982937431033 0.8646672335273993
 85 0.4550959987975219 0.005672033249518609 0.6307359836312373
 86 0.4610484325948125 0.0059524337972906086 0.6807032397706453
 87 0.4671384337374791 0.006090001142666615 0.9450360461593122
 88 0.47272398704293556 0.005585553305456438 0.591383880386356
 89 0.47871278289355734 0.005988795850621793 0.6507285215379854
 91 0.48420136245100814 0.0054885795574507795 0.7291993867765328
 92 0.48968944171093465 0.005488079259926505 0.45761364550995154
 93 0.49609687052144474 0.0064074288105101075 0.8855350606167854
 94 0.5021021597515224 0.006005289230077609 0.9927735955394158
 95 0.507520469899904 0.005418310148381513 0.4742439554823309
 96 0.5137720732536841 0.006251603353780168 0.8124783114821723
 98 0.5190750496386191 0.005302976384934882 0.7292191021635166
 99 0.5243774948571861 0.005302445218567065 0.3544125702135275
 101 0.5300404374389399 0.005662942581753806 0.7302739457882887
 102 0.5357000851472159 0.0056596477082759495 0.6547101034804009
 103 0.5415661545863628 0.005866069439146928 0.4142037490743624
 105 0.5471604001396836 0.005594245553320823 0.7313993074888065
 106 0.5527485218071022 0.005588121667418675 0.5207047648208822
 107 0.5589991527301633 0.006250630923061072 0.502439844901892
 109 0.5645227384257085 0.005523585695545274 0.7317545624700621
 110 0.5700393845488236 0.005516646123115074 0.4795786494949589
 111 0.5763808878354396 0.006341503286615959 0.5564296160139549
 113 0.5818180359933809 0.005437148157941235 0.7314672004033089
 114 0.5872490641944277 0.005431028201046759 0.42012201943390265
 115 0.5937716604746611 0.006522596280233423 0.7310779054079652
 117 0.5990827173025486 0.005311056827887427 0.730421890829745
 118 0.6043903255991202 0.005307608296571624 0.3553399209038564
 119 0.6111257933543668 0.006735467755246625 0.9927468988701676
 121 0.6162468239009407 0.005121030546573894 0.7298450574580284
 122 0.6213658772076106 0.005119053306669949 0.32874566163137897
 124 0.62694270792996 0.0055768307223493605 0.7297967027061881
 125 0.6325175085463697 0.005574800616409636 0.6879915681089908
 126 0.638200938968383 0.005683430422013317 0.4153443955717775
 128 0.6436743341770084 0.005473395208625344 0.7301846426129008
 129 0.6491447677937484 0.005470433616740017 0.41778339640510953
 130 0.6557268078158041 0.006582040022055659 0.698468218941017
 132 0.6611078747408324 0.00538106692502838 0.7299706847827258
 133 0.6664865554345752 0.005378680693742836 0.4284932184952247
 134 0.672904325733171 0.0064177702985958145 0.7160357301958019
 136 0.6782129539543555 0.0053086282211845135 0.729786784069453
 137 0.6835196737432667 0.005306719788911171 0.32941553376116334
 139 0.6895494154641272 0.006029741720860506 0.7301891521912444
 140 0.6955758821539891 0.006026466689862004 0.9868306655895717
 141 0.7010241666441923 0.005448284490203214 0.3508974757813794
 143 0.7071593020788473 0.0061351354346549 0.7300663615621552
 145 0.7125455758753407 0.005386273796493468 0.7292779344210392
 146 0.7179311653323279 0.00538558945698717 0.32886981860026
 148 0.7237877214235015 0.005856556091173543 0.730828108559099
 149 0.7296393902007346 0.005851668777233179 0.7542065110136038
 150 0.7354251296458031 0.005785739445068422 0.412547289954994
 152 0.7414002728375007 0.005975143191697527 0.7304272125692861
 153 0.7473715217970144 0.005971248959513702 0.8374624500387369
 154 0.7530730253835024 0.005701503586487987 0.3625546616294243
 156 0.7592158651570275 0.0061428397735251465 0.7296570216138583
 157 0.765356860598051 0.006140995441023406 0.981460022112063
 158 0.7709187705165804 0.005561909918529418 0.49033923691646425
 159 0.7772654269962673 0.0063466564796868866 0.7680865450677995
 161 0.7827259944091792 0.005460567412911899 0.7291147987825862
 162 0.7881862752191241 0.005460280809944868 0.4983887688921814
 163 0.7943833905149128 0.006197115295788656 0.724246754200456
 165 0.7999005707840893 0.005517180269176459 0.7292860236792844
 166 0.8054170296853832 0.005516458901293967 0.5056191619887713
 167 0.811648042459865 0.006231012774481847 0.7201126048187807
 169 0.8172193585548948 0.005571316095029789 0.729269258854995
 170 0.8227899888900198 0.005570630335124911 0.5400691440157296
 171 0.828945900427867 0.006155911537847206 0.6964126967334046
 172 0.8351963682498811 0.00625046782201405 0.988370483448495
 173 0.8408442340647758 0.005647865814894692 0.7089260404447859
 174 0.8465449124525626 0.00570067838778676 0.6201713991668132
 175 0.8525611639961259 0.006016251543563387 0.8517929193950522
 176 0.8582732588911197 0.005712094894993826 0.7440756907954734
 177 0.8639465129073113 0.0056732540161915455 0.6011143230584467
 178 0.8699963792584987 0.006049866351187392 0.8133482695523937
 179 0.8758294579466548 0.005833078688156105 0.8101682255633771
 180 0.881460863765258 0.005631405818603164 0.603714943338491
 181 0.8874574776432346 0.005996613877976548 0.7331865398200536
 182 0.8934426560543498 0.005985178411115272 0.8888847593501324
 183 0.8990451479142909 0.00560249185994108 0.6693453520770577
 184 0.904809353743712 0.005764205829421043 0.5840822734512737
 185 0.9110153118858939 0.006205958142181922 0.9914082775858637
 186 0.9166172397105532 0.005601927824659293 0.7362946387421997
 187 0.9222006062611584 0.00558336655060517 0.4842504501961408
 189 0.9277751535276058 0.005574547266447355 0.729446277271953
 190 0.933348563720936 0.005573410193330275 0.6025400799374374
 191 0.9392872716852463 0.0059387079643102685 0.5796949324422447
 193 0.9448972194277958 0.005609947742549529 0.7294055418006754
 194 0.9505061272869789 0.00560890785918306 0.5530710059743383
 195 0.9566555019962116 0.006149374709232691 0.5991496312274912
 197 0.9622514896429489 0.005595987646737306 0.7296890035214052
 198 0.9678457154115259 0.005594225768576894 0.557312906877165
 199 0.9739634268955191 0.006117711483993211 0.5442031482731332
 201 0.9795613677337668 0.0055979408382477456 0.730080085119737
 202 0.9851565466665397 0.005595178932772968 0.549827930622228
 203 0.9913028789708573 0.006146332304317574 0.5151544701379019
 204 0.9956514394854287 0.004348560514571331 0.3427731877081422
 205 1.0 0.004348560514571331 0.18544839563093565
