 0 1.0 1.0 2301.0656649485045
 1 0.12798132605199075 0.12798132605199075 3.977021245844014
 3 0.1463222597582205 0.07278568151410848 4.200874801399784
 5 0.15575265704157995 0.04110803939873397 306.6310600684033
 7 0.12963227916200942 0.007493830759581729 1.024089946645706
 10 0.14246705386810907 0.0069447858332279564 1.1711238776876278
 15 0.1663218886378015 0.006594078864503168 1.5248869027512004
 19 0.18550986014117846 0.008202317337170447 2.163226955141366
 28 0.22901293115729757 0.00643013955841936 1.3574366858833968
 32 0.24626577296094943 0.0072201264048168635 1.5292506580656748
 36 0.262744734316742 0.006394131998196312 1.017539039362385
 44 0.30223780158012287 0.005593472300708253 1.0725688752581575
 48 0.321402116781151 0.007565496760285849 2.3133906403381883
 52 0.33909049730132496 0.008476568387166159 2.123365816301877
 56 0.35522143001526024 0.006409418500870932 1.9274852537890281
 60 0.3813442303946609 0.01444174322470123 7.265248109984631
 63 0.3877088595383025 0.007030510734564232 1.7475652958952705
 67 0.40771455628795 0.00929815318809716 2.9545574417704774
 70 0.41822505524801556 0.00806624345430953 1.071430499245916
 72 0.42435028872544645 0.007095738465870203 1.3454146492290928
 76 0.4423170938935925 0.006714604159183869 1.7856994237878006
 80 0.46877392702459175 0.01375891382301724 10.60974647633551
 84 0.483745969336331 0.008391906078977903 5.537945135151047
 87 0.4930312332148082 0.008979178829778844 1.0221829465355439
 89 0.5000986105694337 0.008023278092202175 1.162979052422344
 93 0.5194117236722238 0.0065565106689406995 1.2405227402369188
 97 0.5363790908287518 0.006735754160367599 1.4947346628575846
 100 0.5470831091324831 0.006824995018735066 1.0954551780916861
 104 0.5647883432773966 0.007070640413238263 1.2589303028959378
 108 0.5820999766302807 0.007019971961200779 1.2819823824670025
 112 0.59936418617455 0.006998370275398444 1.3386609411845252
 116 0.6166633845777082 0.007027366953916872 1.4169750720147605
 120 0.6340702615479804 0.0070929216171086076 1.4996903677229452
 124 0.6514918392434159 0.007130946926587574 1.5590764544882818
 128 0.6688060058542884 0.007069288939979806 1.5468586254576986
 132 0.6860058713328203 0.006897664405481494 1.4533809665320707
 136 0.7032100886827957 0.006736874868244953 1.370983543160918
 140 0.720410436741424 0.006584176299198977 1.2980842386468747
 144 0.7375981105458616 0.006441262323187896 1.236189751204563
 148 0.7547944460401435 0.006303044417721709 1.1842659943910991
 152 0.7719744661582949 0.006166406459593965 1.1431446669766498
 156 0.7890210333481276 0.006074528540371101 1.1223453695171692
 159 0.8000350593865688 0.006564661170633301 1.0565503501822262
 163 0.8173650244605176 0.006691087572096516 1.1183459195204286
 187 0.9509909290597858 0.006014359846508938 1.0172646190511168
 194 0.9856481206855666 0.0061370171799460015 1.141075277779279
