 2 0.06557815686834588 0.06557815686834588 0.530436325321214
 4 0.10635141039175973 0.04077325352341385 0.33515144173867
 6 0.11379523000407694 0.007443819612317211 0.27381487229937795
 7 0.12123904961639416 0.007443819612317211 0.6959860664928358
 8 0.12761534661622673 0.006376296999832567 0.5872607251248272
 9 0.13404886220047516 0.006433515584248418 0.7237974275719546
 11 0.1388232121685066 0.004774349968031452 0.39958043999738624
 12 0.14359756213653804 0.004774349968031452 0.07001312915776471
 13 0.1508859935776881 0.007288431441150048 0.13013215625813218
 14 0.15858124166124957 0.007695248083561473 0.45650103856432644
 15 0.1651677902024169 0.006586548541167323 0.8250532230060446
 16 0.1709718734154522 0.0058040832130353106 0.8585662545428439
 17 0.17645444334185062 0.005482569926398429 0.5017897850908395
 18 0.18235569693170822 0.005901253589857597 0.6350084452611793
 19 0.18795281142190126 0.005597114490193049 0.7710863860893228
 20 0.1931881912392495 0.005235379817348218 0.49722383331323167
 21 0.19875515199365382 0.0055669607544043325 0.495374667791539
 22 0.20434329519521466 0.005588143201560831 0.5255990283394969
 23 0.20987297105961092 0.005529675864396252 0.5326111605598923
 24 0.21537114181532965 0.005498170755718732 0.5474568039275836
 25 0.22081263798618644 0.005441496170856786 0.44363050238944857
 26 0.22648961975961832 0.005676981773431875 0.5587757545371242
 27 0.23194670547086926 0.005457085711250936 0.43347436277130286
 28 0.237686414366704 0.005739708895834749 0.4053883080091891
 29 0.2436144043823065 0.005927990015602475 0.721295456415375
 30 0.24891963763181038 0.005305233249503891 0.4582783498354788
 31 0.2546182526120779 0.00569861498026749 0.4674458553878994
 32 0.26035381807094204 0.005735565458864182 0.40253514136906027
 33 0.2663472656311863 0.005993447560244275 0.49035435515708486
 34 0.2722103424553242 0.00586307682413788 0.801346175616614
 35 0.27746174303156834 0.005251400576244099 0.5008737386686564
 36 0.2830648817521951 0.005603138720626735 0.5132739790282596
 37 0.28864839198150577 0.005583510229310719 0.3983869127518916
 38 0.2945703968257405 0.00592200484423474 0.45840318130183816
 39 0.300447256672269 0.005876859846528534 0.5763220910917459
 40 0.3060804260484236 0.0056331693761546234 0.6128300635759606
 41 0.311568118954222 0.005487692905798381 0.517422741301687
 42 0.3171751266747924 0.00560700772057045 0.7264375673187216
 43 0.32235011328970176 0.005174986614909348 0.3626707305537878
 44 0.32822542086286616 0.005875307573164384 0.3034718116364267
 45 0.3345648250959519 0.006339404233085761 0.48484556175146215
 46 0.34055294210907305 0.005988117013121107 0.4648740995366066
 47 0.3466331629391021 0.0060802208300290575 0.9085960123783839
 48 0.35188499355056535 0.005251830611463225 0.5811800067557517
 49 0.357388981884933 0.0055039883343676555 0.28536908218375906
 50 0.36380270739624593 0.0064137255113129255 0.4773179417618584
 51 0.36983355011311425 0.0060308427168683214 0.5815407882272196
 52 0.37563334685739636 0.00579979674428209 0.5451549163547191
 53 0.38144673261819767 0.005813385760801331 0.4532295757236357
 54 0.3874781034838143 0.006031370865616598 0.6887730985206472
 55 0.39301571726395335 0.005537613780139044 0.38532401367989766
 56 0.39917110109529735 0.006155383831343994 0.4691047610436391
 57 0.4052198121809577 0.006048711085660326 0.40556499686242126
 58 0.41153242026274045 0.006312608081782759 0.6669289765138445
 59 0.41728619539113704 0.005753775128396574 0.552899936090184
 60 0.42314046577550285 0.0058542703843658134 0.43449135061953414
 61 0.42928590324402416 0.0061454374685212835 0.5242435673950221
 62 0.4352652484428214 0.005979345198797225 0.6650112291722903
 63 0.4409085304422224 0.005643281999401006 0.3354869889078573
 64 0.44735645023419346 0.006447919791971076 0.6662793365371914
 65 0.4530884482449154 0.0057319980107219445 0.4871839660810567
 66 0.4590944907413322 0.006006042496416787 0.45334713544665006
 67 0.46523267913238453 0.006138188391052341 0.516615082472245
 68 0.4712594668493358 0.006026787716951246 0.39222224739772366
 69 0.4776804491578824 0.006420982308546583 0.5690714051161565
 70 0.4837264496623787 0.0060460005044963286 0.9958048947296627
 71 0.4889778064865138 0.0052513568241350835 0.2966632322129426
 72 0.49548941086025367 0.006511604373739862 0.4644379154046517
 73 0.5016834145390571 0.006194003678803432 0.5421416935877714
 74 0.5077163656877276 0.006032951148670515 0.22756719043752277
 76 0.5135199124804362 0.0058035467927085894 0.42217164426825105
 77 0.51896865731441 0.005448744833973807 0.13443863782566562
 78 0.526207312689301 0.007238655374891005 0.2321709049870002
 79 0.5334912514062373 0.007283938716936368 0.6033488155785557
 80 0.539801334002294 0.006310082596056731 0.4144046678681304
 82 0.5449560871187666 0.005154753116472614 0.41420976117112135
 83 0.5501108402352393 0.005154753116472614 0.1204583929810339
 84 0.5571145076897429 0.007003667454503697 0.08166747541663913
 85 0.5659661379535511 0.008851630263808245 0.5783757843251455
 87 0.5709813939396452 0.005015255986094135 0.35518531838260364
 88 0.5759966499257393 0.005015255986094135 0.04562794825174078
 89 0.5842736526525063 0.008277002726766979 0.11392136668740926
 90 0.5927880813407495 0.008514428688243121 0.3052098006736111
 91 0.6006508314207923 0.007862750080042866 0.8617388387263883
 93 0.6050544052968346 0.0044035738760423195 0.3684518279786614
 94 0.6094579791728769 0.0044035738760423195 0.13199602029502477
 95 0.6152294161500672 0.005771436977190332 0.2815273653902401
 96 0.6207680169603792 0.005538600810311998 0.36237713581994146
 97 0.6263116221487217 0.0055436051883425465 0.1782506443300896
 98 0.6330783735464904 0.006766751397768738 0.5941008682611614
 99 0.6387589115774913 0.005680538031000891 0.4670579467822719
 100 0.6446787345259968 0.005919822948505463 0.2542769432924336
 101 0.6515617557455016 0.006883021219504761 0.483862392220445
 102 0.6579150136794268 0.00635325793392531 0.7322737742301345
 103 0.6637158240552662 0.005800810375839351 0.6777168299345632
 104 0.6694147681774674 0.005698944122201193 0.30558479973043984
 105 0.676085549075938 0.006670780898470625 0.746585806581766
 106 0.6817897961580577 0.005704247082119664 0.7323916658429357
 107 0.6873075688347177 0.005517772676659964 0.39835937424421697
 108 0.6934434922285984 0.006135923393880721 0.5281476358836351
 109 0.6993346828659031 0.005891190637304703 0.8150345133553554
 110 0.7046426561792768 0.005307973313373754 0.37839477741206307
 111 0.7107016709683024 0.006059014789025588 0.5231983430383852
 112 0.7164919947043124 0.005790323736009925 0.7551028865075508
 113 0.721796041469802 0.005304046765489709 0.32111589385415223
 114 0.7280221729700833 0.006226131500281273 0.5795571414582305
 115 0.7337063887691919 0.00568421579910858 0.7006201105644884
 116 0.7390775828668554 0.0053711940976635215 0.3001944136093043
 117 0.745418527209263 0.0063409443424076225 0.6344379217062802
 118 0.7510363902067977 0.005617862997534604 0.6717169589191025
 119 0.7564623267757515 0.005425936568953839 0.3350975216892656
 120 0.7626718439408793 0.006209517165127734 0.6031381724800273
 121 0.7683204300325888 0.005648586091709466 0.6660455129903231
 122 0.7737501021460993 0.005429672113510561 0.3453269362858863
 123 0.7799137119524365 0.006163609806337271 0.5948757547068635
 124 0.7855611301637272 0.005647418211290643 0.6448819562345596
 125 0.7910206750514184 0.005459544887691204 0.35300087243139366
 126 0.7971602386727559 0.006139563621337495 0.5930975024188659
 127 0.8028060409848203 0.005645802312064498 0.6198012441960165
 128 0.8083125682792434 0.0055065272944230075 0.36423679492909394
 129 0.814427686343593 0.006115118064349664 0.5783805914698745
 130 0.8201076714578742 0.005679985114281223 0.6060985025425601
 131 0.8256578852751784 0.005550213817304145 0.38389584544672195
 132 0.8317284912569547 0.006070605981776287 0.5437042117707893
 133 0.8374891826433921 0.00576069138643743 0.6086511643132777
 134 0.8430665835498087 0.00557740090641657 0.41317269903632303
 135 0.8490667405942183 0.006000157044409638 0.49625622676591424
 136 0.8549404093299215 0.005873668735703282 0.6221822863620398
 137 0.8605296667292832 0.00558925739936166 0.4493867231364387
 138 0.8664432681597066 0.005913601430423449 0.4730355637076356
 139 0.8723632429806492 0.005919974820942586 0.6087469614248192
 140 0.8779892737481743 0.0056260307675251 0.48541664955717945
 141 0.8838186971489381 0.005829423400763859 0.4474646246770558
 142 0.889791667048804 0.005972969899865868 0.5945204591564215
 143 0.8954573390156808 0.0056656719668768665 0.5215298674608055
 144 0.9012122071990805 0.005754868183399641 0.42431440427137523
 145 0.9072396826006449 0.0060274754015644215 0.5796056423967665
 146 0.9129504623910641 0.005710779790419184 0.5615026790047845
 147 0.9186327690475169 0.005682306656452807 0.40326094573214083
 148 0.924714819596993 0.006082050549476086 0.5635174688716048
 149 0.9304760564398342 0.00576123684284123 0.6062906918020452
 150 0.9360857461920015 0.005609689752167267 0.3854737360878958
 151 0.9422158060602287 0.0061300598682271865 0.5427003633044366
 152 0.9480386049553018 0.005822798895073126 0.6570301579787714
 153 0.9535750979770242 0.005536493021722467 0.39068595176815324
 154 0.9596711128066827 0.0060960148296584854 0.4921414044937995
 155 0.9656057808086902 0.0059346680020074555 0.720888116638995
 156 0.9710565060556141 0.0054507252469239605 0.42094330850578665
 157 0.9770279953633613 0.005971489307747105 0.41627516625337696
 158 0.9831334351558789 0.0061054397925176685 0.8044421420711537
 159 0.9884793936607903 0.005345958504911429 0.4332327640952554
 160 0.9942396968303951 0.005760303169604852 0.33357177738336813
 161 1.0 0.005760303169604852 0.6448398870569892
