 4 0.003545390975961702 0.003545390975961702 0.6064111523846419
 5 0.007090781951923404 0.003545390975961702 0.4265378881437947
 6 0.011327492301583773 0.004236710349660369 0.5909118261864933
 7 0.015871274798084888 0.004543782496501115 0.6191415693805847
 8 0.020669243239560244 0.004797968441475356 0.41718753454142954
 9 0.026444891803410524 0.005775648563850282 0.8921172605805231
 10 0.03184472019304119 0.005399828389630667 0.6453436651540668
 11 0.03746843091676042 0.005623710723719234 0.7676289254234115
 12 0.042996182975480676 0.005527752058720256 0.5086697000886142
 13 0.04922749468951046 0.006231311714029786 0.6866430847336196
 14 0.055584384435324534 0.006356889745814074 0.5371386096663867
 15 0.0626218815827243 0.007037497147399764 0.8619947840619159
 16 0.0692771462142159 0.006655264631491607 0.6730251377622499
 17 0.07611201293813127 0.006834866723915366 0.978245167989575
 18 0.08230912163497289 0.0061971086968416154 0.6578703798685559
 19 0.0887219562043644 0.006412834569391511 0.8649002947528761
 20 0.09477969260487698 0.0060577364005125825 0.546720128182936
 21 0.10144670153418466 0.006667008929307672 0.7479289440088845
 22 0.1080569855847505 0.006610284050565855 0.8713717712045408
 23 0.11428575407196184 0.006228768487211339 0.4124728634297691
 24 0.12181193170378637 0.007526177631824537 0.8586805651875256
 25 0.1289384732252135 0.007126541521427131 0.5760421796403083
 26 0.13664665057889602 0.007708177353682524 0.5840438985970265
 27 0.14494574218132153 0.008299091602425507 0.5951257993359242
 28 0.15382531135685495 0.008879569175533421 0.6347760587298478
 30 0.162129652707227 0.008304341350372068 0.7292726607217388
 31 0.17043295898522617 0.008303306277999174 0.478888071415242
 32 0.17998234926363382 0.009549390278407637 0.45899212794693406
 34 0.18969959265053915 0.009717243386905335 0.6370951100164629
 36 0.19484611199497026 0.00514651934443112 0.8651512285381683
 37 0.1997071831974901 0.004861071202519834 0.25162988669519504
 38 0.20660657824173204 0.0068993950442419434 0.3956382800518849
 39 0.2150583797745077 0.00845180153277567 0.8076598334330853
 41 0.2185373176105355 0.0034789378360278035 0.4321285929479984
 42 0.22201625544656328 0.0034789378360278035 0.1439526496493477
 43 0.22789108252010157 0.00587482707353828 0.4948713047453469
 44 0.23457437468726083 0.006683292167159276 0.5077805534232174
 46 0.24004928592253327 0.00547491123527243 0.5272862098163453
 47 0.2455241971578057 0.00547491123527243 0.8228234764379335
 48 0.25078259003986153 0.005258392882055793 0.5848970005206763
 49 0.2564413450361211 0.0056587549962595724 0.25537889035833816
 51 0.26280336877530436 0.006362023739183262 0.5286965737633873
 52 0.2691653925144876 0.006362023739183262 0.4902042336208388
 53 0.27642571647860426 0.007260323964116659 0.8647085157143173
 55 0.28094894716969526 0.004523230691091005 0.5098480780831608
 56 0.28547217786078627 0.004523230691091005 0.15310755716082003
 57 0.2929697120333706 0.007497534172584327 0.3736533487534554
 59 0.30073574470071246 0.007766032667341878 0.6734679939523635
 61 0.30603784419184 0.005302099491127517 0.9554514979010723
 62 0.31088305704568425 0.004845212853844235 0.30115673493193473
 63 0.3173727441956705 0.006489687149986261 0.28979764183690787
 65 0.32439006796568665 0.007017323770016111 0.6695762882276053
 67 0.3304894820431428 0.006099414077456152 0.6693526084878303
 68 0.336588896120599 0.006099414077456152 0.5489762179988494
 69 0.3432925883363 0.006703692215701003 0.5394095552896612
 71 0.34763726976268045 0.004344681426380427 0.44611862578461436
 72 0.3519819511890609 0.004344681426380427 0.18723888323783025
 73 0.3587518945659275 0.00676994337686657 0.762304031815338
 75 0.364678161910805 0.005926267344877488 0.6701627283550017
 76 0.3706044292556825 0.005926267344877488 0.45764889872942
 77 0.377523273861593 0.006918844605910519 0.4740595497524514
 79 0.38355456878908306 0.006031294927490064 0.6519897349420232
 80 0.3895858637165731 0.006031294927490064 0.7619751166295384
 81 0.39552887097587597 0.005943007259302841 0.45130247490455894
 82 0.4024994084930632 0.0069705375171872095 0.7494268382205271
 84 0.40792192027711327 0.005422511784050067 0.8058303161019339
 85 0.41316632829517175 0.005244408018058499 0.3360058852028831
 86 0.4199445745985663 0.006778246303394561 0.7259655502873094
 88 0.42552281572137 0.005578241122803671 0.6489898225560419
 89 0.4311010568441737 0.005578241122803671 0.46757185463041134
 90 0.4375674784116338 0.006466421567460067 0.545223674536094
 92 0.443038584268417 0.0054711058567832585 0.6261463942452234
 93 0.44850969012520026 0.0054711058567832585 0.41682304124229724
 94 0.4550975414265976 0.006587851301397327 0.5513075875756513
 96 0.46045524774920904 0.005357706322611438 0.6191132968512055
 97 0.4658129540718205 0.005357706322611438 0.40083581178897143
 98 0.4723480149257649 0.0065350608539443715 0.6376829208943899
 100 0.4775906162767379 0.005242601350972991 0.6250229414638578
 101 0.48283321762771086 0.005242601350972991 0.31396452340304604
 103 0.4889207433940629 0.006087525766352038 0.7000168048661424
 105 0.49425268022489033 0.00533193683082745 0.6583686231984175
 106 0.4995846170557178 0.00533193683082745 0.24145531458788122
 108 0.5050742243411648 0.005489607285447039 0.6106872887623729
 109 0.5105638316266118 0.005489607285447039 0.48384828113965533
 110 0.5168557336355318 0.00629190200892007 0.46323729169966754
 112 0.5222641625327124 0.005408428897180542 0.6150600343779635
 113 0.5276725914298929 0.005408428897180542 0.4162840566399815
 114 0.5341877541775043 0.006515162747611424 0.5778126673602456
 116 0.5394679764778135 0.005280222300309257 0.6178744842997792
 117 0.5447481987781227 0.005280222300309257 0.35268090828070175
 118 0.5514654264714288 0.006717227693306094 0.8791336233943373
 120 0.5565974949875264 0.005132068516097645 0.6441555924092507
 121 0.561729563503624 0.005132068516097645 0.27458164864012374
 123 0.5672964522230768 0.005566888719452774 0.6609979123740739
 124 0.5728633409425296 0.005566888719452774 0.7150553068966361
 125 0.5784661844835041 0.005602843540974483 0.3853666546255853
 127 0.5836871807826058 0.005220996299101787 0.6172477306915127
 128 0.5889081770817076 0.005220996299101787 0.303623394341344
 130 0.5948831530443948 0.005974975962687194 0.6925657936969368
 132 0.6001749721988942 0.005291819154499368 0.6605301149492983
 133 0.6054667913533935 0.005291819154499368 0.3010926099510742
 135 0.6107666629967142 0.005299871643320718 0.6155733254734632
 136 0.6160665346400349 0.005299871643320718 0.36333848644479527
 137 0.6227432658577781 0.006676731217743102 0.885437040659773
 139 0.6277559758256415 0.0050127099678634575 0.638777282711299
 140 0.6327686857935049 0.0050127099678634575 0.24090088011499064
 142 0.637878112484601 0.005109426691096139 0.6217794710908223
 143 0.6429875391756972 0.005109426691096139 0.4455463508356031
 144 0.649005881785777 0.006018342610079823 0.8030806020057382
 146 0.653717303088887 0.004711421303109988 0.6247615976894003
 147 0.658428724391997 0.004711421303109988 0.3766225961155278
 149 0.6630094691664461 0.004580744774449179 0.6077592554155316
 150 0.6675902139408952 0.004580744774449179 0.3523379905492363
 152 0.6726424799266526 0.005052265985757385 0.6624865054392947
 153 0.67769474591241 0.005052265985757385 0.4117952693978606
 155 0.6827739646123314 0.005079218699921491 0.666896065836151
 156 0.6878531833122529 0.005079218699921491 0.26414462853553394
 158 0.6938650122490805 0.006011828936827602 0.6851969102108515
 159 0.6998768411859081 0.006011828936827602 0.6399388071668776
 160 0.7061554960562967 0.006278654870388639 0.38413889097901655
 161 0.7139219312673676 0.007766435211070929 0.9658424194503209
 162 0.7209936332261591 0.007071701958791511 0.9963768883793735
 164 0.7266063567628444 0.005612723536685239 0.6900466291904322
 165 0.7322190802995296 0.005612723536685239 0.5289398730345113
 166 0.7384645829214292 0.0062455026218996516 0.6091497065969583
 167 0.7450953008953812 0.006630717973951979 0.884757164922622
 169 0.7505676435133097 0.005472342617928522 0.6710076595216473
 170 0.7560399861312382 0.005472342617928522 0.4709854429286911
 171 0.7623683758723888 0.006328389741150608 0.68969011715051
 173 0.7672889726097958 0.0049205967374069785 0.6149235570043131
 174 0.7722095693472028 0.0049205967374069785 0.4167104985010757
 176 0.7771320184877314 0.004922449140528607 0.6611176527836036
 177 0.78205446762826 0.004922449140528607 0.4717314455053276
 179 0.7868768062115992 0.004822338583339102 0.6815066654350254
 180 0.7916991447949383 0.004822338583339102 0.6565538651807244
 181 0.7966926846920568 0.004993539897118514 0.6340202902706181
 182 0.8019240243227524 0.005231339630695646 0.6118752109046258
 183 0.8074697756516122 0.00554575132885967 0.35824877354768075
 185 0.8132244688698965 0.005754693218284357 0.6560757961164733
 186 0.8189791620881809 0.005754693218284357 0.32956593863271316
 187 0.8264640974425118 0.007484935354330885 0.6301554509851771
 189 0.8331686932037174 0.006704595761205675 0.7059153319459087
 191 0.8390085334675286 0.0058398402638110735 0.681315550414363
 192 0.8448483737313397 0.0058398402638110735 0.5155633985461129
 193 0.8514021324464753 0.006553758715135644 0.5205953055708202
 194 0.8587333951635004 0.007331262717025166 0.8985236904224627
 196 0.864538396281502 0.005805001118001543 0.6791770330026047
 197 0.8703433973995035 0.005805001118001543 0.6629666044140163
 198 0.8763350473690507 0.005991649969547119 0.44671542560743704
 199 0.8833864358744854 0.007051388505434752 0.9407222598837096
 201 0.8889819247171795 0.005595488842694103 0.6731632476470779
 202 0.8945774135598736 0.005595488842694103 0.42853822670589914
 203 0.9012536447710043 0.006676231211130724 0.5710926799989654
 205 0.9072211290142547 0.005967484243250369 0.6747921173008565
 206 0.913188613257505 0.005967484243250369 0.7518181137682537
 207 0.9190951045457748 0.00590649128826983 0.4281523225892319
 208 0.9261445048727234 0.007049400326948569 0.7575706206724461
 210 0.9318063695029547 0.005661864630231353 0.6623900012286131
 211 0.937468234133186 0.005661864630231353 0.5746655621399518
 212 0.9435970724353654 0.006128838302179342 0.4996892261321103
 214 0.9496641203426295 0.0060670479072640745 0.687518163753933
 215 0.9557311682498936 0.0060670479072640745 0.7980010900337815
 216 0.9616180649543516 0.005886896704458045 0.4166140792691905
 217 0.9687077503801202 0.007089685425768564 0.6933037458282423
 219 0.9743752499494727 0.00566749956935246 0.6586139732335354
 220 0.9800427495188251 0.00566749956935246 0.6367350526596322
 221 0.9859716981646798 0.0059289486458547315 0.4858172000912679
 223 0.9919791356799836 0.006007437515303858 0.6908257642526454
 224 0.9959895678399918 0.004010432160008182 0.16314340670675603
 225 1.0 0.004010432160008182 0.12346902558812085
