 0 1.0 1.0 2.527216827991489
 2 1.0 0.3360643946326993 3156.0557059399457
 4 0.744566990892767 0.03950059032989864 521.9225715235402
 7 0.7245358435015663 0.0065043968648444035 1.0867327291987587
 16 0.7694381279995385 0.00586567451355962 1.4061288166601078
 20 0.7887407061583795 0.008335530200619303 2.4772288352646803
 24 0.8032086286330418 0.005968226240481235 1.1710845421637435
 28 0.8206222363492519 0.006565777119008068 1.5812525015663255
 32 0.8393599750655868 0.007605774605813261 3.29482211064999
 36 0.8607495554339901 0.011130439433119144 3.0011299542409158
 38 0.8636053320248398 0.0069931080119843515 1.051426280152055
 40 0.8689929201013703 0.006190348044257467 1.0042802896597205
 44 0.8881829956564246 0.007784437978390918 1.7290518896478808
 50 0.9154079823007703 0.005703361550707766 1.2581647429167298
 54 0.9369931691255516 0.010126977330031614 2.001159634505671
 56 0.941370342580306 0.007252075392393081 1.6638289490351068
 61 0.9668922414576873 0.007490406412824236 2.4771783877972458
 65 0.9888187576495422 0.011181242350457865 1.8617008049485309
 67 0.9929177573215828 0.007082242678417117 1.6033286959575768
