 0 1.0 1.0 4759251.933252283
 1 0.07698977966395493 0.07698977966395493 2405.467172205916
 2 0.00978995325952925 0.00978995325952925 12.640044306338956
 3 0.003960984972732677 0.003960984972732677 1.0169157582838484
 29 0.1631240474448633 0.009298736088008342 1.023841133364571
 33 0.19112033139118945 0.011137982127555627 1.098440596027163
 35 0.19941683603744448 0.009717243386905335 5.161998390422896
 40 0.22322640472471217 0.008168024950204465 10.606977548509375
 45 0.24211267866801403 0.007538303980753204 1.916504512487505
 50 0.264434927179223 0.007993582143101901 1.449877674079334
 54 0.28328452079506616 0.006858804316461888 2.5805969047748607
 58 0.3023286197202815 0.009358907686910927 1.2777694607275458
 60 0.30850177736805434 0.007766032667341878 2.3180466420575088
 64 0.32617407094857076 0.008801326752900233 1.4421043063016918
 66 0.33140739173570277 0.007017323770016111 1.1108560896954505
 70 0.3507036176754274 0.007411029339127395 3.7316839943701803
 74 0.36542177822591215 0.006669883659984668 1.0397002435569636
 78 0.3855072111140845 0.007983937252491477 1.6992767071102843
 83 0.4094060311025255 0.006906622609462277 1.5111320117008897
 87 0.4267322518604863 0.006787677261919981 1.3156767352914112
 91 0.4446907660922714 0.007123287680637569 1.6155419018054544
 95 0.4623278643374909 0.007230322910893336 1.8023085027608747
 99 0.4791811593233721 0.006833144397607167 1.620856280945128
 102 0.4897607421647917 0.00692752453708084 1.0748798614940065
 104 0.4950082691604149 0.006087525766352038 1.085506435325176
 107 0.5072528530027215 0.007668235947003709 2.003093536360663
 111 0.5241719854750709 0.007316251839539106 1.815535986998253
 115 0.5412274614556025 0.007039707278098248 1.7366446530014543
 119 0.557776300049479 0.006310873578050122 1.3582887090299767
 122 0.5688120584486784 0.007082494945054386 1.5059456238484599
 126 0.585389397073948 0.006923212590443946 1.708225117183745
 129 0.5958826911394056 0.0069745140576980376 1.1604722686156645
 131 0.6008581290070819 0.005974975962687194 1.0497950520838908
 134 0.6125551538072476 0.007088362453853996 1.7535526749351094
 138 0.6290011863559745 0.006257920498196434 1.4219112201884598
 141 0.6399831098684683 0.0072144240749634604 2.070439018498263
 145 0.6548331843394575 0.005827302553680515 1.382360056016185
 148 0.6642945482684948 0.0058658238764977624 1.535946495322109
 151 0.6734194597938135 0.005829245852918267 1.1204777480126376
 154 0.6838026760218429 0.006107930109432922 1.269534929529453
 157 0.6949507700147417 0.007097586702488788 1.2008806240505212
 163 0.7273664394966795 0.0063728062705203595 1.067599093353848
 168 0.7513116842990416 0.006216383403660408 1.069135777896594
 172 0.7688147795218678 0.006446403649478971 1.6463600765227204
 175 0.7781350714055575 0.005925502058354745 1.2734890527931209
 178 0.7877439583254116 0.005689490697151537 1.1984758015381216
 184 0.8144886674305049 0.00701889177889274 1.3250832248402726
 188 0.8343214652405787 0.007857367798066912 1.1744748665398925
 190 0.8398732889649231 0.006704595761205675 1.1038507353932083
 195 0.8655713035620946 0.006837908398594093 1.1927030843800677
 200 0.8898635960677337 0.006477160193248255 1.1315791886047502
 204 0.9084955256005154 0.0072418808295110024 1.3050533607109154
 209 0.9331041492944998 0.0069596444217764775 1.3566846177355991
 213 0.9505469499492455 0.006949877513880079 1.0964329426655326
 218 0.9759170784399822 0.007209328059861917 1.505203812407088
 222 0.9927580041401224 0.006786305975442647 1.0513461568344065
