 1 0.5930329044816741 0.5930329044816741 0.6079163348423736
 3 0.6382636819004411 0.045230777418767035 0.8929118070602592
 5 0.644390677626949 0.00612699572650786 0.30443882223469054
 6 0.6505176733534569 0.00612699572650786 0.43226636776954674
 7 0.6564647041199638 0.0059470307665069 0.45573272332912157
 8 0.6624391136302159 0.005974409510252022 0.5829771881931715
 9 0.6681460283466465 0.005706914716430556 0.6544388430177078
 10 0.6736294048688 0.005483376522153494 0.5878686002400499
 11 0.6791154437151935 0.005486038846393488 0.5344641963495028
 12 0.6846477839051056 0.005532340189912122 0.466649590222815
 13 0.6903336033351333 0.005685819430027652 0.5519123595632195
 14 0.6958520489625036 0.005518445627370347 0.45711594283424645
 15 0.7015754191917378 0.005723370229234244 0.6628464207335341
 16 0.7068834600697835 0.005308040878045701 0.48746047162921763
 17 0.7124407135216823 0.005557253451898672 0.5917953290220641
 18 0.7177782569979672 0.005337543476284884 0.4476528248627692
 19 0.7233930466785554 0.005614789680588312 0.5456644337443773
 20 0.7288268585851547 0.005433811906599304 0.48020183887976503
 21 0.7343896014691285 0.005562742883973789 0.6075336928722572
 22 0.739689205577911 0.005299604108782521 0.4156187761245172
 23 0.7453812800896018 0.005692074511690868 0.6118352261241506
 24 0.7506920059762333 0.005310725886631548 0.41917641044861614
 25 0.7563900586337735 0.005698052657540188 0.41690906848000386
 26 0.7622105953620361 0.0058205367282624975 0.634129029803227
 27 0.7675982967250693 0.005387701363033214 0.35430446361624984
 28 0.7736383707130091 0.006040073987939844 0.4182530129642257
 29 0.7796669783561841 0.006028607643175006 0.6858078567200676
 30 0.7851487177935819 0.005481739437397719 0.36705207980990956
 31 0.7913076925258413 0.006158974732259413 0.43026347481504457
 32 0.7974433494348964 0.006135656909055079 0.7080375338661722
 33 0.8030020435368177 0.005558694101921331 0.3996258241434556
 34 0.8091511997664365 0.006149156229618813 0.6885935705959597
 35 0.8147035261628663 0.005552326396429858 0.38137635015781945
 36 0.8208898514050599 0.006186325242193545 0.6677286142008924
 37 0.8264810202300252 0.005591168824965357 0.7809159781995465
 38 0.8317304331372853 0.005249412907260142 0.452009552874019
 39 0.8374473302173827 0.00571689708009733 0.5122561209234175
 40 0.8430693652819551 0.005622035064572379 0.2687570259841004
 41 0.8496022066718893 0.0065328413899342075 0.5605161595253675
 42 0.8554723487197851 0.005870142047895708 0.8550622530349745
 43 0.8607442094702437 0.0052718607504586385 0.33918918234015705
 44 0.8669559445261987 0.006211735055955049 0.4855045854209932
 45 0.8729092266084221 0.0059532820822232975 0.6172274832573681
 46 0.8785682732494481 0.005659046641025968 0.39605890772871866
 47 0.8847280169246876 0.006159743675239528 0.6181868948984931
 48 0.8904245807899194 0.005696563865231724 0.46225318654057174
 49 0.8964070380168155 0.0059824572268961694 0.4536608186322933
 50 0.9024774734357806 0.006070435418965012 0.686049870189449
 51 0.9080568055327847 0.005579332097004131 0.31053538179453444
 52 0.9145738382039746 0.006517032671189926 0.5669095396111827
 53 0.9205276816929926 0.005953843489017985 0.7994137496699083
 54 0.9259673414593451 0.0054396597663525035 0.3931055642987875
 55 0.9321061103532685 0.006138768893923371 0.5314457188451946
 56 0.9379810772967822 0.005874966943513605 0.42345858846468765
 57 0.9441527083292438 0.006171631032461607 0.4959967528055304
 58 0.9502148147260212 0.006062106396777433 0.755704968018091
 59 0.9557274829254014 0.005512668199380215 0.3080168517244631
 60 0.9622618984192401 0.006534415493838759 0.5217549160920811
 61 0.9683415859546989 0.006079687535458716 0.7679344111682885
 62 0.973886844574294 0.005545258619595052 0.39780210181805803
 63 0.9800943136829097 0.006207469108615691 0.56181996441678
 64 0.9859678157405335 0.005873502057623786 0.41186055835435653
 65 0.9922241405019298 0.006256324761396296 0.5071045578931076
 66 0.9961120702509649 0.003887929749035124 0.12418381378552751
 67 1.0 0.0038879297490350684 0.029197483608153323
