 0 1.0 1.0 2.527216827991489
 2 1.0 0.4069670955183259 4749.139045830479
 4 0.6834944593192082 0.045230777418767035 897.3035429555463
 8 0.6635347961896692 0.006120970688266698 1.3397636401312016
 13 0.6889200304302929 0.009931486070925847 1.6631500578878473
 16 0.6993418945777752 0.00688562218859845 1.78038451235363
 21 0.7233258584126562 0.009116000251106022 1.8170560639258582
 25 0.7387212178439105 0.006162790834437063 1.3640435581594703
 31 0.7713907280151837 0.009410639708587526 6.745486143394616
 36 0.7930797284409462 0.010215954094308437 2.0441031608262614
 39 0.8025066589009587 0.006679142593298245 1.0801221043921874
 44 0.8264586156454466 0.007581252892323939 1.2787370052038105
 49 0.8521609910811395 0.008205556578662943 2.84486778251095
 54 0.8770181386717323 0.009780120781997097 3.843482594294197
 59 0.9000952538513707 0.008899465590112707 2.2707124730749335
 65 0.9301461664265839 0.007835501318048763 2.2078342483766558
 71 0.9626149960833663 0.008906031695358816 1.9017735305260361
