 0 1.0 1.0 4759251.933252283
 1 0.0765132167265078 0.0765132167265078 4541.314201462102
 2 0.008548378243119874 0.008548378243119874 11.171857146304772
 41 0.24551057598619566 0.009358722018140359 3.645392092798829
 47 0.2722278699648999 0.007529440461406185 1.9359288678830504
 53 0.30293654533712344 0.008017030352164282 2.517741631982998
 60 0.336005681240473 0.007035823706238864 1.0153665296506258
 66 0.3657979195467908 0.006429454994204252 1.0960950523749309
 74 0.40779652337319305 0.006552600751003388 1.4306577668936256
 82 0.44885472756931016 0.006641731158884392 1.259286338765186
 88 0.4759945715210992 0.006481125230554616 1.0342699310438646
 95 0.5102634976668663 0.006373702397692025 1.0515370535137978
 102 0.5444065553361952 0.006201951895832965 1.016751457743427
 108 0.5718605654281911 0.0063644948597816 1.1291123890488055
 114 0.5991631180378928 0.006441737804295352 1.177749410134019
 120 0.6258493598342396 0.0061219690810306315 1.0315788860676278
 126 0.6521824375595072 0.005945886058393856 1.0673392321755042
 163 0.8607590707070707 0.007035327372331963 1.0601207499430556
