 0 1.0 1.0 2301.0656649485045
 1 0.1217667917980455 0.1217667917980455 3.435400842826589
 3 0.1303875815704472 0.06480942470210131 2.0990155044054184
 5 0.1471246639151736 0.04077325352341385 213.81054815589968
 8 0.1288833078100637 0.007644258193669548 1.2181609224020713
 13 0.15291939309008148 0.007017758854801698 1.0259494952952488
 19 0.18177835224761768 0.006510174897708468 1.3936202425365338
 24 0.20687424678975913 0.009331000750042654 1.7657905077164062
 27 0.21626873103095062 0.006314438277306733 1.2422912230027938
 32 0.240516409408079 0.008593075962153087 1.4940331239208415
 36 0.25627132516767187 0.006042293395977947 1.1874142725773105
 41 0.28053956279962017 0.008993808259556054 1.135668411623491
 44 0.29214897974307447 0.00679175598870923 1.6266740722090218
 49 0.31676790021765905 0.009300589446011146 1.6055800478456463
 60 0.3778899101953899 0.00875086732182198 3.0477051093930494
 65 0.4043854343644425 0.011169188104296807 2.3183005412548354
 68 0.41381338141710733 0.0069819379791365875 1.2339230314817946
 73 0.44012708617861307 0.009096059489162325 1.201987405925585
 77 0.45788908021901287 0.006334023717144859 1.5644886686890773
 85 0.5000134315594108 0.006375780773786761 1.0968571706516475
