 1 0.6639356053673007 0.6639356053673007 0.8215561083202957
 3 0.7050664005628684 0.041130795195567726 0.8230479317887425
 5 0.7115489235997952 0.006482523036926784 0.38095246997753196
 6 0.7180314466367219 0.006482523036926784 0.7216699720373276
 8 0.7237263771175443 0.005694930480822351 0.6371926832069025
 9 0.7294213075983667 0.005694930480822351 0.6569162714403834
 10 0.7353173336072788 0.005896026008912145 0.7956156873443736
 11 0.7410439971882102 0.005726663580931457 0.8871925241958228
 12 0.7464079059341381 0.0053639087459278825 0.7663959474396597
 13 0.7516831147640313 0.00527520882989313 0.53952204679553
 14 0.7575145306704507 0.005831415906419419 0.6502378515827224
 15 0.7635724534859789 0.006057922815528168 0.803060821186048
 17 0.7682882960212237 0.004715842535244873 0.5794897665128156
 18 0.7730041385564685 0.004715842535244873 0.18297613766750512
 19 0.7804051759577603 0.007401037401291746 0.5100482745191335
 21 0.7859752143840436 0.005570038426283333 0.48627057797056944
 22 0.791545252810327 0.005570038426283333 0.6820017562015885
 23 0.7972404023925606 0.005695149582233656 0.6334256950103477
 25 0.8023378987405098 0.005097496347949214 0.6090634333649759
 26 0.807435395088459 0.005097496347949214 0.33095189452763085
 27 0.8140564592302438 0.006621064141784848 0.7475712122815041
 29 0.8191350334384573 0.005078574208213484 0.5357191309645449
 30 0.8242136076466707 0.005078574208213484 0.21838986552852876
 31 0.8317542004597736 0.0075405928131028555 0.7104173753980113
 33 0.8363926071064041 0.00463840664663055 0.45711329430414843
 34 0.8410310137530346 0.00463840664663055 0.10511790591049405
 35 0.849619116000871 0.008588102247836503 0.33318969075516747
 37 0.8566122240128554 0.0069931080119843515 0.4353730138815565
 39 0.8628025720571129 0.006190348044257467 0.6527792090709009
 41 0.8683664940692895 0.005563922012176545 0.6682116730759747
 42 0.873930416081466 0.005563922012176545 0.46358588454395133
 43 0.8803985576780337 0.006468141596567612 0.4174659250620587
 45 0.8862457622213434 0.005847204543309803 0.5549199259009875
 46 0.8920929667646532 0.005847204543309803 0.8090320704319222
 47 0.8977406505444254 0.005647683779772188 0.6690049527559676
 48 0.9035523378938858 0.005811687349460386 0.6144757126450268
 49 0.9097046207500625 0.006152282856176745 0.9151435599472847
 51 0.914461547377508 0.004756926627445382 0.6089914263090731
 52 0.9192184740049534 0.004756926627445382 0.1692263501645457
 53 0.92686619179552 0.007647717790566638 0.31193454193452036
 55 0.934118267187913 0.007252075392393081 0.5112669756624814
 57 0.9396347009831061 0.005516433795193029 0.5486866055977243
 58 0.9451511347782992 0.005516433795193029 0.46446096737781456
 59 0.9515600657857914 0.006408931007492246 0.39705068807167637
 60 0.959401835044863 0.007841769259071572 0.8364958416245803
 62 0.9644071706109528 0.005005335566089858 0.5578837152340193
 63 0.9694125061770427 0.005005335566089858 0.15754364243971314
 64 0.9776375152990843 0.008225009122041566 0.23047427044628402
 66 0.9858355146431658 0.00819799934408145 0.5172640053533037
 68 0.9912886709744433 0.005453156331277482 0.5533922889102794
 69 0.9956443354872216 0.004355664512778357 0.15848064606807605
 70 1.0 0.004355664512778357 0.033169412468753455
