 0 1.0 1.0 4759251.933252283
 1 0.0765132167265078 0.0765132167265078 4541.314201462102
 2 0.008548378243119874 0.008548378243119874 11.171857146304772
 43 0.2505185309203231 0.010195211868119834 3.8503343138909805
 49 0.27700237017676616 0.005758036252904633 2.771917138640864
 59 0.32632071285870673 0.006476075067736246 1.2189513549448172
 64 0.3495731685923577 0.006725054953310611 1.357538552285194
 70 0.37988955596673396 0.006186663707850991 1.5655172699886206
 82 0.44496460348004246 0.0054629270194900175 2.649965531994462
 101 0.5443907784817386 0.0060389844227179725 1.0041869396813774
 104 0.5542390046816135 0.006230145396692253 1.0182869363781912
 117 0.6187669298361289 0.006787315810934646 1.2113169341283536
 125 0.6542633882763182 0.006318968635915559 1.1814342689928552
 144 0.7581752096683169 0.0066666779534765965 1.0103276356969486
