 3 0.0032368841855564393 0.0032368841855564393 0.4802220406592697
 4 0.006473768371112879 0.0032368841855564393 0.3251694715460721
 5 0.010041447127017534 0.003567678755904655 0.39658340862753655
 6 0.01360581604225243 0.003564368915234896 0.2889636283998613
 7 0.017542405720847445 0.003936589678595013 0.28598861675379206
 8 0.021720744302360408 0.004178338581512964 0.2893996777427688
 9 0.026137342569291473 0.004416598266931066 0.42985427614771754
 10 0.030400924046984145 0.004263581477692673 0.3787347951497767
 11 0.034869772846992886 0.004468848800008739 0.34608082757014974
 12 0.03957327065317941 0.004703497806186522 0.2951599272157026
 13 0.04464950336177711 0.0050762327085977004 0.3656318574004003
 14 0.049751802226619776 0.0051022988648426705 0.40754514921887103
 15 0.054896869635654225 0.005145067409034447 0.3184421440094523
 16 0.06047233949631791 0.005575469860663685 0.40977637338233563
 17 0.06598487813308013 0.005512538636762223 0.47563179476923517
 18 0.07142892384414413 0.005444045711064005 0.4058343746556216
 19 0.0771200766255126 0.005691152781368454 0.6865172881405734
 20 0.08227302245972179 0.005152945834209198 0.37862421168784927
 21 0.08802173528805496 0.005748712828333172 0.6190868654086927
 22 0.09330461828617534 0.00528288299812038 0.3647011447576255
 23 0.09916873669879386 0.005864118412618523 0.4990864319857667
 24 0.10480704927913129 0.005638312580337423 0.511399177026015
 25 0.11042772990418896 0.005620680625057676 0.42581213666794127
 26 0.11629446920916094 0.005866739304971979 0.37665445257101576
 27 0.12244381534569848 0.006149346136537545 0.43204204812586916
 28 0.12858509601431323 0.006141280668614741 0.4086091994427185
 29 0.13491333959268134 0.006328243578368119 0.4025570646326878
 30 0.1414085149743208 0.00649517538163947 0.27891464652804343
 31 0.14865567464407262 0.007247159669751808 0.3256905338029731
 32 0.1560830594888252 0.007427384844752572 0.35007737596144417
 33 0.16372431093472864 0.007641251445903454 0.6348082204993364
 34 0.17063304904775978 0.006908738113031147 0.3063878663442195
 35 0.17864528804404664 0.008012238996286858 0.3390572642839426
 36 0.1868826080914247 0.008237320047378068 0.24573758250320243
 37 0.19613482113785938 0.009252213046434683 0.35341838502360773
 38 0.20528230009354526 0.009147478955685873 0.46229621758626926
 39 0.21419863049648205 0.0089163304029368 0.5518217856190554
 40 0.2228420157193834 0.008643385222901333 0.5802185609147212
 41 0.23132104732119815 0.008479031601814761 0.4254248567873931
 42 0.2403233190522033 0.009002271731005143 0.2699996645789705
 44 0.24562337568950046 0.005300056637297161 0.26648782990738373
 45 0.25092343232679765 0.005300056637297161 0.2377005333184032
 46 0.2567336800247952 0.005810247697997542 0.12930263596842265
 47 0.2639579739324531 0.007224293907657963 0.2248153829545146
 48 0.27124433392386155 0.007286359991408416 0.8810320121346346
 50 0.2745608094122189 0.003316475488357343 0.33999579321164175
 51 0.2778772849005762 0.003316475488357343 0.15270449490622875
 52 0.28203725920671713 0.004159974306140884 0.0748923409337097
 53 0.28756877438399514 0.005531515177278021 0.10798942756332044
 54 0.29372329089691385 0.006154516512918721 0.19462048631683593
 55 0.29999078913049276 0.006267498233578931 0.21019702903486187
 56 0.30677160212023497 0.006780812989742196 0.2502687135936391
 57 0.31388799518288385 0.00711639306264886 0.7303742386976797
 58 0.3198446377909705 0.005956642608086645 0.43824503822508976
 60 0.3247030790111097 0.004858441220139188 0.3597545062139851
 61 0.32956152023124885 0.004858441220139188 0.10645047160926131
 62 0.33622726889125787 0.006665748660009014 0.21481600652675237
 63 0.3428481136390471 0.0066208447477892575 0.29151240390286026
 65 0.3477188206533927 0.004870707014345614 0.34111483824084415
 66 0.3525895276677383 0.004870707014345614 0.16712539187395029
 67 0.35857603417693407 0.005986506509195745 0.10096083346908538
 68 0.36609885501184664 0.007522820834912559 0.19335671002372717
 69 0.373702892258883 0.007604037247036322 0.7125140518255284
 71 0.37798064483801685 0.004277752579133885 0.4838155259017911
 72 0.38225839741715073 0.004277752579133885 0.05141658995408725
 73 0.3894043157704042 0.007145918353253452 0.4881266061676497
 74 0.3947329040272892 0.005328588256885032 0.21236353073263475
 75 0.4012298690981501 0.006496965070860917 0.2209184782040807
 76 0.408259118767141 0.007029249668990878 0.3271099276629451
 77 0.4152356313816973 0.0069765126145562885 0.6281251852961716
 78 0.42150210119130144 0.006266469809604166 0.753089845297479
 79 0.4273873821581647 0.005885280966863257 0.8198750950564563
 80 0.4329388306187974 0.00555144846063274 0.3264431477826
 81 0.43950167646055244 0.006562845841755065 0.8707353942970355
 83 0.442693146059149 0.0031914695985965666 0.40593558520226475
 84 0.44588461565774556 0.0031914695985965666 0.11836620121949099
 85 0.4502266947377758 0.004342079080030239 0.09746352490665659
 86 0.4554833729927184 0.005256678254942587 0.27233301629001017
 87 0.4603658626641699 0.004882489671451474 0.10513060500196698
 88 0.4668454569882665 0.006479594324096594 0.6130325402164014
 89 0.471882120198549 0.005036663210282499 0.1652852263249552
 90 0.47858335474922364 0.0067012345506746365 0.460768552598197
 91 0.4844912832712102 0.005907928521986551 0.5455067534131913
 92 0.490231224313493 0.005739941042282745 0.381601682428187
 93 0.4964306032755589 0.00619937896206592 0.25848974991100454
 94 0.503421286034643 0.006990682759084045 0.9847552151627624
 95 0.5089056510269947 0.005484364992351752 0.6095996266056948
 96 0.5146509985001818 0.005745347473187122 0.2962629357436167
 97 0.5213301895369924 0.006679191036810554 0.7391953274312358
 98 0.5270313611165524 0.005701171579559946 0.7924284527053204
 99 0.532438575066778 0.005407213950225661 0.4477609561159735
 100 0.5383517940590206 0.005913218992242548 0.43333781892486967
 102 0.5431803266719709 0.004828532612950375 0.43879920482009693
 103 0.5480088592849213 0.004828532612950375 0.1561936070705015
 105 0.5529673924151416 0.0049585331302203104 0.4407472952683572
 106 0.557351234318599 0.004383841903457434 0.09557657792607076
 107 0.5636759872892033 0.006324752970604338 0.9824831967753201
 108 0.5680351458567362 0.004359158567532879 0.19671049861866885
 109 0.5739620418115255 0.005926895954789307 0.6116571157627898
 110 0.5789689932518851 0.0050069514403595925 0.4373707852118699
 111 0.584287971958335 0.005318978706449954 0.25277510314668256
 112 0.5904272215185784 0.006139249560243371 0.9181778117585991
 113 0.5953075791730026 0.004880357654424147 0.2996890797743226
 114 0.6012808477993878 0.005973268626385204 0.5168192172396555
 115 0.6068304695427211 0.005549621743333248 0.7096836558776113
 116 0.6119796140251943 0.0051491444824731504 0.18721671234763845
 118 0.6170820444743749 0.0051024304491806005 0.4479044809763239
 119 0.6216857859589271 0.004603741484552201 0.2030950899812756
 120 0.6272931264430662 0.0056073404841391426 0.5651728785543555
 121 0.6321382732340007 0.004845146790934526 0.35597870310974167
 122 0.6374817439555431 0.0053434707215424225 0.34262193216631015
 123 0.6430726216838288 0.00559087772828573 0.7348637878889412
 124 0.6479444196404027 0.004871797956573906 0.2049686211181282
 126 0.6527338230320677 0.004789403391665044 0.4367517996853073
 127 0.6571332884786314 0.004399465446563628 0.14527996126118972
 128 0.6629010297543053 0.0057677412756739505 0.9786337768486997
 129 0.6671026673983247 0.00420163764401939 0.17273409034843432
 130 0.6729825485668542 0.005879881168529596 0.7674404665779672
 131 0.677615690092807 0.004633141525952779 0.3503928059092554
 132 0.6829568229032357 0.00534113281042875 0.3712705807883813
 133 0.688429998789927 0.005473175886691281 0.539701534583788
 134 0.6936095864954083 0.005179587705481302 0.20258314858798482
 135 0.700078808911173 0.006469222415764761 0.6283019540505399
 136 0.7055312052178326 0.005452396306659635 0.33555999050301694
 137 0.7117139358324752 0.00618273061464258 0.2797510085217089
 138 0.7184427782198562 0.006728842387381058 0.42195613784435715
 139 0.72493723433199 0.0064944561121337485 0.5582664964371957
 140 0.7311399112738887 0.006202676941898699 0.4262630729684328
 141 0.7376885990030294 0.006548687729140776 0.29159990976102607
 142 0.7449754732349424 0.0072868742319129615 0.5929337970317364
 143 0.7515085317148402 0.006533058479897827 0.510511328815843
 145 0.7568282401835623 0.005319708468722087 0.4559682507194339
 146 0.7621479486522844 0.005319708468722087 0.41380750512859676
 147 0.7676528771389759 0.005504928486691528 0.33927850784933566
 148 0.7735428107665939 0.00588993362761801 0.8943314827317306
 149 0.7784402697589804 0.004897458992386446 0.32714234522219193
 150 0.7842940014809279 0.005853731721947521 0.947329289370546
 151 0.7890738683341912 0.004779866853263336 0.6645839090471878
 152 0.7939560539248283 0.004882185590637021 0.38412459271931504
 153 0.7993610772248915 0.005405023300063197 0.756705784039719
 154 0.8041105434239466 0.004749466199055101 0.23869505343624106
 155 0.8100823394226121 0.005971795998665479 0.6735848154632051
 156 0.8151437458795274 0.005061406456915312 0.23167416801399565
 157 0.8214543875089306 0.006310641629403155 0.3556782050583069
 158 0.8276355641625505 0.006181176653619805 0.507421546202041
 159 0.8335360792388753 0.005900515076324784 0.34894438862795374
 160 0.8399806943790257 0.00644461514015034 0.3102617021021961
 161 0.846863163526244 0.006882469147218401 0.40908269317627666
 162 0.8536470599489226 0.006783896422678594 0.6308398288568482
 163 0.8599182525318101 0.0062711925828874 0.6003857588757865
 164 0.8661312229807162 0.00621297044890612 0.3760685265738711
 165 0.872950798165644 0.006819575184927842 0.453665917001618
 166 0.8796828619917734 0.006732063826129323 0.49452928191799134
 167 0.8863611004742548 0.006678238482481392 0.845573232177732
 168 0.8922749997799255 0.005913899305670747 0.6593273203285593
 169 0.89823570279302 0.005960703013094496 0.3725437001595612
 170 0.904874895746136 0.006639192953116039 0.44729146732156577
 171 0.9114423161758379 0.006567420429701884 0.868052650310433
 172 0.9171461657595845 0.0057038495837466365 0.6236268057079715
 173 0.9229907222187957 0.005844556459211188 0.37804183358403687
 174 0.9294305534354108 0.0064398312166151096 0.533034266048247
 175 0.9355573712788608 0.006126817843450042 0.7560215907120352
 176 0.9411819896501801 0.005624618371319184 0.437435482160653
 177 0.9473278821767503 0.006145892526570221 0.40416641270109
 178 0.9536875578514034 0.00635967567465306 0.7007995383192427
 179 0.9594151348455561 0.005727576994152751 0.5701541476957207
 180 0.9652394571654953 0.00582432231993927 0.3396563714878234
 181 0.9717409198609814 0.006501462695486127 0.5317061901296837
 182 0.9778423123354136 0.0061013924744322155 0.7085591395400869
 183 0.9835269590560229 0.0056846467206093645 0.42032973277470626
 184 0.989742552580433 0.006215593524410002 0.4190085747468856
 185 0.9948712762902165 0.0051287237097835114 0.3200279688624539
 186 1.0 0.005128723709783456 0.2108272446954978
