 2 0.073536578244112 0.073536578244112 0.7517960504725089
 4 0.11464461764284598 0.04110803939873397 0.5024085612725294
 6 0.1221384484024277 0.007493830759581729 0.38390242466678476
 8 0.1288303582186544 0.006691909816226695 0.6439191593045042
 9 0.1355222680348811 0.006691909816226695 0.6522221578874204
 11 0.14145378350841706 0.005931515473535948 0.5964247766996102
 12 0.14738529898195302 0.005931515473535948 0.6824524091469002
 13 0.15344870984434644 0.006063410862393412 0.6564197155577792
 14 0.15972780977329834 0.006279099928951895 0.629425376096774
 16 0.16488952234381576 0.005161712570517432 0.5454983684757208
 17 0.1700512349143332 0.005161712570517432 0.2592538041491625
 18 0.177307542804008 0.007256307889674828 0.5044890581699858
 20 0.18303443087099186 0.0057268880669838354 0.5605820790746369
 21 0.1887613189379757 0.0057268880669838354 0.6746243835872477
 22 0.1946381051722372 0.005876786234261484 0.7294805121650718
 23 0.20051360076771438 0.0058754955954771785 0.8763432722748205
 24 0.2060395094514998 0.005525908683785422 0.9781311287639203
 25 0.21104999260354448 0.005010483152044701 0.6127991219812903
 26 0.21635894520947538 0.005308952605930903 0.4519622608941482
 27 0.2225827915988782 0.00622384638940282 0.661057292245401
 29 0.22781293204152867 0.005230140442650476 0.6140849408067116
 30 0.23304307248417913 0.005230140442650476 0.4818918894496302
 31 0.23904564655613256 0.0060025740719534355 0.41816676937164216
 33 0.2446921048985098 0.005646458342377221 0.6037084242234895
 34 0.250338563240887 0.005646458342377221 0.6038969581552248
 35 0.2563506023185457 0.006012039077658672 0.6059292304962106
 37 0.2620726844933257 0.005722082174780036 0.6760416649098543
 38 0.26779476666810575 0.005722082174780036 0.7246377623455539
 39 0.2735283079720776 0.00573354130397187 0.9145701837287269
 40 0.27884459182054955 0.005316283848471921 0.6156868151049497
 41 0.284468748438599 0.005624156618049441 0.5765859530461457
 42 0.2905500132403927 0.006081264801793696 0.7243264674843418
 43 0.2966443292794146 0.0060943160390218905 0.9430260183513676
 45 0.3015630778115714 0.004918748532156807 0.6344925050539417
 46 0.30648182634372817 0.004918748532156807 0.21358395892645554
 47 0.31383662002086515 0.00735479367713701 0.6697676691933886
 49 0.31900517102702486 0.0051685510061596895 0.5521821776037633
 50 0.32417372203318456 0.0051685510061596895 0.3756898635844102
 51 0.3306139289141588 0.006440206880974255 0.31778641242540406
 53 0.33656816581147564 0.005954236897316836 0.5408695698033846
 54 0.3425224027087925 0.005954236897316836 0.6184670709950032
 55 0.3488120115143893 0.006289608805596792 0.6888771928266763
 57 0.3534583666839328 0.00464635516954356 0.5698272939895782
 58 0.35810472185347636 0.00464635516954356 0.09710420135449081
 59 0.3669024871699597 0.008797765316483328 0.15808807473578904
 61 0.373790417986849 0.006887930816889266 0.34025840655299444
 62 0.38067834880373824 0.006887930816889266 0.6855391897538164
 64 0.38594085669046213 0.0052625078867238936 0.5848972087252348
 65 0.391203364577186 0.0052625078867238936 0.2804579755155782
 66 0.3984164030998528 0.007213038522666791 0.33872094325597185
 68 0.40428760744677944 0.005871204346926595 0.4544425357028841
 69 0.41015881179370606 0.005871204346926595 0.27842840534214264
 71 0.41725455025957625 0.007095738465870203 0.6400360718921421
 73 0.42304305626778826 0.005788506008211989 0.5809554746484845
 74 0.4288315622760003 0.005788506008211989 0.45501688016806763
 75 0.4356024897344086 0.006770927458408369 0.7474993661164938
 77 0.44059314039308334 0.0049906506586747225 0.5591004332857014
 78 0.44558379105175805 0.0049906506586747225 0.09778329180851904
 79 0.4550150132015745 0.00943122214981647 0.23086292396152874
 81 0.4608747800609675 0.005859766859392996 0.3801325828224476
 82 0.4667345469203605 0.005859766859392996 0.2249355158525126
 83 0.47535406325735313 0.00861951633699267 0.7899442265654159
 85 0.47970305882119124 0.004348995563838093 0.4847144278110173
 86 0.48405205438502935 0.004348995563838093 0.07054984561907073
 88 0.4920753324772315 0.008023278092202175 0.6541781807747498
 90 0.49894385578798395 0.006868523310752447 0.6379013364459863
 91 0.5058123790987364 0.006868523310752447 0.6761975427146321
 92 0.5128552130032831 0.0070428339045466104 0.9036286029180851
 94 0.5183493308751169 0.005494117871833843 0.6645028234846798
 95 0.5238434487469508 0.005494117871833843 0.6196477937789969
 96 0.5296433366683841 0.005799887921433409 0.4649796115264123
 98 0.5349507253910661 0.005307388722682016 0.6211148431850397
 99 0.5402581141137481 0.005307388722682016 0.3412514393985756
 101 0.5462179077539525 0.005959793640204398 0.6887895981181295
 102 0.5521777013941569 0.005959793640204398 0.9076792238723179
 103 0.5577177028641583 0.005540001470001465 0.34919996652387136
 105 0.5636138306481161 0.0058961277839578 0.6771751241471096
 106 0.5695099584320739 0.0058961277839578 0.8647115021142816
 107 0.5750800046690799 0.005570046237006058 0.3628848180690013
 109 0.5808988472346428 0.005818842565562898 0.6728551539909358
 110 0.5867176898002057 0.005818842565562898 0.7971260869146435
 111 0.5923658158991516 0.005648126098945966 0.38216106232266434
 113 0.5980843899458516 0.005718574046699932 0.6627699246252696
 114 0.6038029639925515 0.005718574046699932 0.6869134380851176
 115 0.6096360176237913 0.005833053631239752 0.41616059369152825
 117 0.615271527830243 0.005635510206451664 0.650509099741452
 118 0.6209070380366947 0.005635510206451664 0.5832437075824198
 119 0.6269773399308718 0.0060703018941771734 0.4564965356932163
 121 0.6325600687937862 0.005582728862914398 0.641116522222268
 122 0.6381427976567007 0.005582728862914398 0.52741353870015
 123 0.6443608923168284 0.006218094660127705 0.4830118044172341
 125 0.6499022897291497 0.005541397412321247 0.6356145456850518
 126 0.6554436871414709 0.005541397412321247 0.4974701874266291
 127 0.6617367169143086 0.006293029772837619 0.5140413086945362
 129 0.6672444320480561 0.005507715133747483 0.6352797938813947
 130 0.6727521471818035 0.005507715133747483 0.4739510065271536
 131 0.6791082069273389 0.00635605974553537 0.5703261894470735
 133 0.6845936344735736 0.005485427546234732 0.6413874830132589
 134 0.6900790620198083 0.005485427546234732 0.4598176007157891
 135 0.6964732138145507 0.006394151794742411 0.6232826522275294
 137 0.7019349096804728 0.005461695865921996 0.6472772486500945
 138 0.7073966055463948 0.005461695865921996 0.4463054239642428
 139 0.7138262604422251 0.006429654895830268 0.6788669924429144
 141 0.7192613929092108 0.005435132466985667 0.6527897095401072
 142 0.7246965253761964 0.005435132466985667 0.4334911294858631
 143 0.7311568482226737 0.006460322846477243 0.735490788120125
 145 0.7365606474874402 0.005403799264766509 0.6573910978943156
 146 0.7419644467522067 0.005403799264766509 0.41293620117626034
 147 0.7484914016224218 0.006526954870215077 0.8094924353563582
 149 0.753854934874678 0.0053635332522562786 0.6618376301196572
 150 0.7592184681269343 0.0053635332522562786 0.39214281311479054
 151 0.7658080596987009 0.006589591571766683 0.8896871549226366
 153 0.7711171582487002 0.005309098549999274 0.6652543208201421
 154 0.7764262567986995 0.005309098549999274 0.3925933224705876
 155 0.7829465048077565 0.00652024800905707 0.9016113891887838
 157 0.788208451511846 0.0052619467040895375 0.662697290555454
 158 0.7934703982159356 0.0052619467040895375 0.3742845182446085
 160 0.7992721053639149 0.005801707147979331 0.6846637173908035
 161 0.8050738125118942 0.005801707147979331 0.8106000735361132
 162 0.8106739368884212 0.00560012437652693 0.4267329563906387
 164 0.8164768352138637 0.005802898325442585 0.6723049137989172
 165 0.8222797335393063 0.005802898325442585 0.7404062571217409
 166 0.8280526789245429 0.005772945385236595 0.49128864867478045
 167 0.834635920470436 0.00658324154589308 0.9999146256978101
 168 0.8405615538448616 0.005925633374425633 0.9497340902987071
 169 0.8459873942006244 0.005425840355762799 0.5664584446088449
 170 0.8518889211862188 0.005901526985594451 0.6833934633572539
 171 0.8579189066884435 0.006029985502224696 0.9611327781460223
 172 0.8634184254202585 0.0054995187318150245 0.6186133202994782
 173 0.8692272466169799 0.0058088211967214495 0.644000419473315
 174 0.8752811087624912 0.00605386214551132 0.92797475216106
 175 0.8808672821534166 0.005586173390925343 0.6767093207627268
 176 0.8865937783350265 0.005726496181609897 0.608463978840661
 177 0.8926757590572383 0.006081980722211739 0.8954562857480763
 178 0.8983549179296241 0.0056791588723858 0.744672693905863
 179 0.9039939521571176 0.005639034227493536 0.5738355080502915
 180 0.9101010139596962 0.006107061802578574 0.8610359974686036
 181 0.9158785199125663 0.0057775059528700256 0.8230804417813461
 182 0.9214269633883355 0.0055484434757692444 0.5401834382387607
 183 0.9275579256809033 0.006130962292567814 0.825401555909347
 184 0.9334402898635759 0.005882364182672513 0.9138158980415336
 185 0.9388960642858144 0.005455774422238573 0.5264187605187183
 186 0.9449765692132769 0.00608050492746249 0.7533180562377595
 188 0.9503592774114931 0.005382708198216203 0.6710330841276105
 189 0.9557419856097092 0.005382708198216203 0.4455703486039067
 190 0.962082110800023 0.006340125190313751 0.9004770585988049
 191 0.9679913058283539 0.005909195028330866 0.9594253218310279
 192 0.9733838490531279 0.0053925432247739725 0.49667075527676646
 193 0.9795111035056207 0.006127254452492788 0.7255264652757945
 195 0.984798074761137 0.005286971255516386 0.6514786904321591
 196 0.9900850460166534 0.005286971255516386 0.39136848694735565
 197 0.9950425230083266 0.004957476991673315 0.4236524675015588
 198 1.0 0.004957476991673371 0.33695136549462523
