 2 0.06557815686834588 0.06557815686834588 0.530436325321214
 4 0.10635141039175973 0.04077325352341385 0.33515144173867
 6 0.11379523000407694 0.007443819612317211 0.27381487229937795
 7 0.12123904961639416 0.007443819612317211 0.6959860664928358
 9 0.12697509676564914 0.005736047149254965 0.3830539832813605
 10 0.1327111439149041 0.005736047149254965 0.2331536721366559
 11 0.13898529798548462 0.00627415407058053 0.34883796953144525
 12 0.1459016342352798 0.006916336249795173 0.6310252263936029
 14 0.15147324226241474 0.005571608027134938 0.4179602503966742
 15 0.15704485028954968 0.005571608027134938 0.4318710644647203
 16 0.1627924125769061 0.005747562287356437 0.33610514551558857
 17 0.16883011643932724 0.006037703862421133 0.3608665947571668
 18 0.1752681773499092 0.006438060910581967 0.6355383141858411
 20 0.17994309684268675 0.004674919492777548 0.3572156267325362
 21 0.1846180163354643 0.004674919492777548 0.09804310285275433
 22 0.1901443611386857 0.00552634480322142 0.07827680181149158
 23 0.19754324603971649 0.007398884901030767 0.20398238487484135
 25 0.20374876939668018 0.006205523356963702 0.34851813880106164
 26 0.20995429275364388 0.006205523356963702 0.6104309345294406
 28 0.2146621401415862 0.004707847387942306 0.37543160180286
 29 0.2193699875295285 0.004707847387942306 0.11478845735314153
 30 0.22484055251429658 0.005470564984768092 0.10090861013284098
 31 0.23192333344592592 0.007082780931629346 0.25338928160101193
 33 0.23795582885092018 0.006032495404994258 0.3490432828827151
 34 0.24398832425591443 0.006032495404994258 0.499805952684634
 35 0.2502290317716939 0.006240707515779491 0.7729246314491882
 37 0.25480115551091975 0.00457212373922585 0.38437159089866524
 38 0.2593732792501456 0.00457212373922585 0.12691366634473814
 39 0.2646318526660138 0.0052585734158682364 0.07557396432715069
 40 0.27154575454006413 0.006913901874050337 0.14466337994746292
 42 0.2784514891472147 0.00690573460715056 0.3777149094025048
 43 0.28535722375436523 0.00690573460715056 0.8474449493592687
 45 0.2899954143916515 0.004638190637286275 0.31528880922820074
 46 0.29463360502893776 0.004638190637286275 0.10749226500860529
 47 0.3001314365670733 0.005497831538135524 0.07443068592393261
 48 0.3074673107716479 0.007335874204574613 0.20112253389798015
 50 0.31384572500275604 0.006378414231108126 0.37964859074508406
 51 0.32022413923386417 0.006378414231108126 0.7178520519788185
 52 0.32658193129808516 0.006357792064220998 0.6151547282644093
 53 0.3326693888188581 0.006087457520772916 0.822230184438481
 54 0.3384324766784579 0.005763087859599804 0.9617967652507377
 55 0.34368926832121555 0.0052567916427576755 0.5170740914960362
 56 0.3486729631065361 0.004983694785320581 0.1753783548943009
 57 0.35411727322526204 0.00544431011872595 0.11379753027995512
 58 0.36085864289900327 0.006741369673741224 0.19343792896205966
 59 0.36913904287356797 0.008280399974564713 0.6981126123069327
 61 0.3740313493662863 0.0048923064927183044 0.32288670566214883
 62 0.3789236558590046 0.0048923064927183044 0.08685205045529931
 63 0.38481412454331393 0.0058904686843093065 0.040262908168586777
 64 0.39321624626014573 0.008402121716831775 0.20809384946655424
 66 0.40002384484905823 0.00680759858891251 0.32917362848608905
 67 0.40683144343797073 0.00680759858891251 0.587926735643024
 69 0.41204848955758855 0.0052170461196178455 0.40414362093563905
 70 0.41726553567720637 0.0052170461196178455 0.11352677528667833
 71 0.4232964206667654 0.006030884989559088 0.11456859485677785
 72 0.43103102668945076 0.007734606022685313 0.3254417823654543
 74 0.4378864257029313 0.006855399013480523 0.38193770023984847
 75 0.4447418247164118 0.006855399013480523 0.7390986016248224
 76 0.451555056501868 0.006813231785456196 0.8512985855932893
 78 0.4559356343947531 0.004380577892885097 0.3363275120291799
 79 0.4603162122876382 0.004380577892885097 0.09899831240065511
 80 0.4655162954071232 0.005200083119485009 0.16689803495263483
 81 0.4720559340512922 0.0065396386441690015 0.414040410518164
 82 0.4793632036233384 0.007307269572046181 0.6114071295939222
 83 0.48669176989235585 0.007328566269017428 0.8161593045269514
 84 0.493637650785624 0.00694588089326813 0.8981611148756106
 86 0.49858943914914877 0.004951788363524795 0.4525450765443238
 87 0.5035412275126736 0.004951788363524795 0.3388217446653675
 88 0.5087192945896958 0.005178067077022128 0.42421492158033564
 89 0.514163212539853 0.005443917950157207 0.5481097046106153
 90 0.5196618118781048 0.00549859933825182 0.33935063856782416
 91 0.5253199020408047 0.005658090162699911 0.673608936520546
 92 0.5310429417667913 0.005723039725986697 0.4209614859092216
 93 0.5367286457767066 0.005685704009915326 0.4254259721038976
 94 0.5425977596165626 0.005869113839855951 0.7519569548451771
 95 0.5483702906423078 0.005772531025745163 0.36859006420322826
 96 0.5541160824954302 0.005745791853122387 0.44183930195418725
 97 0.5600943486736765 0.005978266178246298 0.8133271608457996
 98 0.565917526978822 0.00582317830514559 0.38972255125086036
 99 0.5716492714819639 0.005731744503141831 0.41530070527592744
 100 0.577615999432666 0.005966727950702117 0.8382323808295452
 101 0.5834433495346855 0.005827350102019467 0.407800848541135
 102 0.5891432260256233 0.005699876490937878 0.3847957379634672
 103 0.5950920942567672 0.005948868231143978 0.8479803864939669
 104 0.6009334217491114 0.005841327492344169 0.41934597374529253
 105 0.6066282060367597 0.005694784287648381 0.3654365112416664
 106 0.6125835052945505 0.005955299257790858 0.8639610652242538
 107 0.6184472250805821 0.0058637197860315965 0.44855536316667005
 108 0.6241230228601726 0.005675797779590456 0.3469092834993035
 109 0.6300509047164577 0.005927881856285137 0.8576901897904993
 110 0.6359165488586512 0.005865644142193475 0.4720963810001238
 111 0.6415734983697227 0.005656949511071431 0.3580462686412901
 112 0.6474411097472362 0.005867611377513593 0.8241631345049342
 113 0.6532511214708404 0.0058100117236041735 0.44251960351164776
 114 0.6589034483696908 0.00565232689885047 0.3682451191798872
 115 0.6647841729903101 0.0058807246206192985 0.812896590615692
 116 0.6706002238193847 0.005816050829074533 0.4148726830959579
 117 0.6762954503937652 0.0056952265743804645 0.38849189321334926
 118 0.6822262348462651 0.005930784452499899 0.8224829255859444
 119 0.6880599903556128 0.005833755509347692 0.4327385842181778
 120 0.6937469624827504 0.005686972127137567 0.3979471842066449
 121 0.6996365777234949 0.005889615240744539 0.7885598009811158
 122 0.7054385684803156 0.0058019907568207536 0.4242482569823876
 123 0.7111238385731793 0.005685270092863669 0.40438094096245963
 124 0.7170135440155814 0.005889705442402091 0.764981532958479
 125 0.7228225504922238 0.005809006476642358 0.4158470791305604
 126 0.728538630349528 0.005716079857304283 0.417713722065161
 127 0.7344541208726802 0.005915490523152215 0.7540958973051953
 128 0.7402797626384467 0.00582564176576655 0.4327955978310616
 129 0.7459999888365382 0.00572022619809141 0.424776016957731
 130 0.7518918659211306 0.005891877084592341 0.7208415391740332
 131 0.7577079690692623 0.005816103148131742 0.43903860612869705
 132 0.7634334946070451 0.0057255255377828265 0.4288741275563761
 133 0.7693190872530237 0.0058855926459785695 0.6906246315917505
 134 0.7751450929622622 0.005826005709238554 0.4621056357998005
 135 0.7808763617959339 0.005731268833671734 0.4313070239018955
 136 0.7867400115518629 0.00586364975592901 0.6518864966784793
 137 0.7925695362380402 0.005829524686177288 0.4849972388509327
 138 0.7983087491754332 0.005739212937392949 0.43183649718591793
 139 0.8041563206902976 0.00584757151486443 0.6163637828482592
 140 0.809996472872496 0.005840152182198334 0.506875101854877
 141 0.8157518585358217 0.005755385663325642 0.4326572571535392
 142 0.8215934640418228 0.0058416055060011305 0.5823968725425649
 143 0.8274543548672334 0.005860890825410639 0.5324905212513545
 144 0.8332337334940009 0.005779378626767453 0.43405303421374475
 145 0.8390740745497202 0.0058403410557192345 0.5462047687536405
 146 0.8449635279656095 0.005889453415889271 0.5625828853713004
 147 0.8507755185351242 0.005811990569514709 0.4353245604182958
 148 0.8566205463291369 0.005845027794012608 0.5039923453250024
 149 0.8625529181403283 0.005932371811191476 0.5978992442933387
 150 0.8684168072696536 0.005863889129325357 0.46587992498419506
 151 0.8742511093957775 0.005834302126123947 0.44745937211719533
 152 0.8801978822967017 0.005946772900924137 0.6141414146152223
 153 0.8861213294277481 0.005923447131046415 0.5451799284213549
 154 0.8919252188144712 0.005803889386723077 0.4054292293074971
 155 0.8978122016939544 0.0058869828794831875 0.5808659650939377
 156 0.9037520017328495 0.0059398000388951955 0.5993560183149315
 157 0.9095530154314515 0.00580101369860193 0.4296624532668382
 158 0.9153626372356384 0.005809621804186901 0.5230756865284372
 159 0.921247257595468 0.005884620359829632 0.6105617753944027
 160 0.9270358427258528 0.0057885851303848745 0.42843988035739644
 161 0.9328254502819516 0.005789607556098818 0.48753157138344705
 162 0.9387256876796771 0.005900237397725481 0.6351880247427625
 163 0.944544564384907 0.00581887670522983 0.43449683045094895
 164 0.9503385410521806 0.005793976667273711 0.4484415439476597
 165 0.9562775431322815 0.005939002080100917 0.6771120569102027
 166 0.9621442538144808 0.00586671068219928 0.44779441142862303
 167 0.9679402504905005 0.0057959966760197405 0.4031951265190833
 168 0.9739191674695354 0.005978916979035007 0.731181863372978
 169 0.9798398597962333 0.005920692326697898 0.5458396944024688
 170 0.9855567713240451 0.005716911527811723 0.3261514532439558
 171 0.9914610230082003 0.005904251684155243 0.7166591847787396
 172 0.9957305115041002 0.004269488495899865 0.1600419140127984
 173 1.0 0.004269488495899809 0.19521789170446852
