 3 0.0032368841855564393 0.0032368841855564393 0.4802220406592697
 4 0.006473768371112879 0.0032368841855564393 0.3251694715460721
 5 0.009853429767691907 0.0033796613965790282 0.3426094691432175
 6 0.013482779557559504 0.003629349789867597 0.3005807359290355
 7 0.017405849220172583 0.003923069662613079 0.29042036963488094
 8 0.02170510072820697 0.004299251508034387 0.31374611246416256
 9 0.026399841026012213 0.004694740297805243 0.5156648997353176
 10 0.031287212365123586 0.004887371339111372 0.5108232001934543
 11 0.036172616351864306 0.004885403986740718 0.5104423473641369
 12 0.04106019808961513 0.004887581737750817 0.4042187512454005
 13 0.046046269266638164 0.004986071177023035 0.3268368514569562
 14 0.05132526014268496 0.005278990876046794 0.3853828643397588
 15 0.05693662858215316 0.005611368439468205 0.34134672294838103
 16 0.0628797696019575 0.005943141019804337 0.5713048209785407
 17 0.06897123588090162 0.006091466278944117 0.5254036413280219
 18 0.07499433683296673 0.006023100952065107 0.65653333298238
 19 0.08088123345223956 0.0058868966192728335 0.5909304072646989
 20 0.0865789374594998 0.005697704007260232 0.48733097984085566
 21 0.09223218755056915 0.005653250091069356 0.4434239310142568
 22 0.09797717975879952 0.005744992208230367 0.465282182223312
 23 0.10383797008552974 0.005860790326730211 0.5494824478145146
 24 0.10971099699210991 0.005873026906580181 0.5197789955029414
 25 0.11554221508429878 0.005831218092188866 0.35406911849796674
 26 0.12154788012148449 0.006005665037185701 0.45186376823398955
 27 0.12780578409902799 0.006257903977543494 0.4089211336402917
 28 0.13424874836981654 0.006442964270788551 0.4868932425061473
 29 0.14084110712499393 0.006592358755177374 0.3154723841889003
 30 0.14773370537104324 0.006892598246049325 0.32173898147271307
 31 0.15519310596698516 0.007459400595941923 0.35126498946910956
 32 0.16319404807579954 0.008000942108814382 0.7672774907062874
 33 0.17117651593159505 0.007982467855795513 0.4195542684862366
 34 0.1790235216362028 0.007847005704607743 0.29761875830131046
 35 0.18737063120012082 0.008347109563918011 0.2657988315135231
 36 0.19659334668229456 0.009222715482173733 0.3381062729581775
 37 0.2066760367674231 0.010082690085128538 0.6538240153073966
 38 0.21690296321859234 0.010226926451169238 0.6103075807416573
 39 0.22677804838418433 0.009875085165591987 0.8026938091279614
 40 0.2361518539680553 0.00937380558387097 0.33295285327785756
 42 0.24110006584829682 0.004948211880241523 0.2865699239102788
 43 0.24604827772853835 0.004948211880241523 0.27326790447341337
 44 0.25152015287274115 0.00547187514420283 0.2649693887293286
 45 0.2576106410590584 0.006090488186317253 0.15973418679329218
 46 0.2646984295034937 0.0070877884444353195 0.7943641078399652
 48 0.2695597713769524 0.004861341873458703 0.3154401549797089
 49 0.27442111325041113 0.004861341873458703 0.13493060207773475
 50 0.2800758614697998 0.00565474821938868 0.17841142168265683
 51 0.28697057377462376 0.006894712304823962 0.2656134292408935
 52 0.29491951498495916 0.00794894121033541 0.8909200001239915
 54 0.29967953658917146 0.004760021604212282 0.31451544145689864
 55 0.30443955819338375 0.004760021604212282 0.22487262113244533
 56 0.30974806842075003 0.005308510227366262 0.31029738987211514
 57 0.31567491200491554 0.005926843584165527 0.34459551374650393
 58 0.3220614005710271 0.0063864885661115605 0.29619925769995736
 59 0.32896985753423413 0.006908456963207007 0.7107986161033871
 61 0.3345749282653453 0.005605070731111175 0.43169743491920565
 62 0.34017999899645646 0.005605070731111175 0.24827386123233114
 63 0.34621857682444074 0.006038577827984282 0.3875294412808896
 64 0.35278287099585415 0.006564294171413413 0.6506576521079642
 65 0.35936846455258653 0.006585593556732408 0.5373317062097086
 67 0.3643630806483875 0.004994616095801011 0.3970876989780056
 68 0.3693576967441885 0.004994616095801011 0.2658254499827316
 69 0.37474544323569603 0.005387746491507533 0.17055958757570253
 70 0.3809797924089687 0.006234349173272673 0.4455331513501147
 71 0.38789116933900714 0.0069113769300384416 0.7158115311515427
 72 0.39469055752143767 0.006799388182430539 0.5699388280066036
 73 0.40124392262218966 0.006553365100752009 0.4605953594303425
 75 0.40590927841734664 0.004665355795156973 0.2942279906328207
 76 0.4105746342125036 0.004665355795156973 0.1867633262441697
 77 0.4158877171378687 0.005313082925365084 0.23060168170440126
 78 0.4220618954962244 0.006174178358355689 0.5459011159575554
 79 0.428625125218489 0.006563229722264573 0.39462008811373833
 80 0.4352965922104423 0.006671466991953292 0.4309547859765964
 81 0.4422129964104258 0.006916404199983467 0.9892941151001698
 83 0.44714289129869805 0.004929894888272284 0.4129202207932054
 84 0.45207278618697033 0.004929894888272284 0.1905285112107165
 85 0.4575223125953298 0.0054495264083594935 0.5327124229504256
 86 0.4634199863520399 0.0058976737567101025 0.3325317620202542
 87 0.4695134462905446 0.00609345993850467 0.3759795032223856
 89 0.4746453299661597 0.005131883675615107 0.4382798044582431
 90 0.47977721364177484 0.005131883675615107 0.18213186742349818
 91 0.4854431717799785 0.005665958138203657 0.5001507322036666
 92 0.4916304827440205 0.006187310964042017 0.6657152792526848
 93 0.497695724288168 0.00606524154414748 0.3059922308182448
 94 0.5038897952691743 0.006194070981006361 0.6078997771074477
 96 0.5089091747387671 0.005019379469592728 0.42717164246674566
 97 0.5139285542083598 0.005019379469592728 0.1427957428547649
 98 0.5195955071269619 0.00566695291860209 0.6029127190293802
 99 0.5258130221934085 0.0062175150664466605 0.5370642109172145
 100 0.531922048294071 0.0061090261006624 0.34876434930062317
 101 0.5382046034403623 0.006282555146291297 0.8776144349636197
 103 0.5431431531673199 0.004938549726957599 0.42025682361843286
 104 0.5480817028942775 0.004938549726957599 0.19126270789788957
 105 0.5535310692013712 0.005449366307093747 0.5892682733033576
 106 0.5593773903715116 0.005846321170140338 0.2575632407118002
 107 0.5654960705684094 0.00611868019689789 0.6343876787510694
 109 0.5703922354365204 0.0048961648681109535 0.4178933499379783
 110 0.5752884003046314 0.0048961648681109535 0.1815408778458728
 111 0.5807170148834092 0.00542861457877783 0.565932399970239
 112 0.5865861105981834 0.005869095714774245 0.27201137160757094
 113 0.5927213802335974 0.0061352696354140274 0.5368693560189757
 115 0.5976088402575509 0.004887460023953411 0.4212418555410569
 116 0.6024963002815044 0.004887460023953411 0.1773168294591908
 117 0.607922274986457 0.005425974704952621 0.5825195489755606
 118 0.6137859082618699 0.005863633275412795 0.3841423274181592
 119 0.6197273907532089 0.005941482491339042 0.47651899807993703
 121 0.6245790496721494 0.004851658918940462 0.4371566473169939
 122 0.6294307085910898 0.004851658918940462 0.19879236470427825
 123 0.634749578261488 0.005318869670398173 0.5856054523454666
 124 0.6404405402990058 0.005690962037517724 0.35942625447336085
 125 0.6462365515011134 0.005796011202107644 0.5368765170522206
 127 0.6508960856617608 0.004659534160647406 0.4244949943602215
 128 0.6555556198224083 0.004659534160647406 0.25847021889777555
 129 0.6605657563020425 0.005010136479634207 0.6061197083106701
 130 0.6657954656726224 0.0052297093705799096 0.4421916140194831
 131 0.6710155213993988 0.005220055726776399 0.6131957314222343
 132 0.6762209041055797 0.005205382706180845 0.24055612759098868
 133 0.6816817378086193 0.00546083370303964 0.5515318395737381
 134 0.6874613436711224 0.005779605862503123 0.602096349889044
 135 0.6931281770328885 0.005666833361766077 0.31664320937144574
 136 0.6989474009542919 0.005819223921403285 0.44942074654094466
 137 0.705070480336415 0.0061230793821230355 0.4457627808232395
 138 0.7113323120931153 0.006261831756700391 0.2895609915708374
 139 0.7179748656162105 0.006642553523095227 0.3890211539588763
 140 0.7251016050263934 0.007126739410182973 0.7673922873056377
 141 0.7321515657530974 0.007049960726703888 0.9319373579325906
 142 0.7386361924667011 0.006484626713603678 0.7325607493157569
 143 0.7446239162347417 0.005987723768040541 0.4520556285292539
 144 0.7504961597165237 0.005872243481782016 0.38511277829959345
 145 0.7565721341298439 0.00607597441332016 0.7194144704925187
 146 0.7626201604875791 0.006048026357735153 0.8134115585259214
 147 0.7682768416089153 0.005656681121336185 0.5175139972080852
 148 0.7737146366684061 0.005437795059490839 0.6283742010345581
 149 0.7790556418569433 0.005341005188537216 0.7045393260294215
 150 0.7841684635035482 0.005112821646604884 0.4415196250730025
 151 0.7892088960049052 0.00504043250135699 0.8795797216100087
 152 0.7940869351282172 0.004878039123312025 0.4590272505471993
 153 0.7987925436124146 0.004705608484197485 0.4803641154457658
 154 0.8035664795741051 0.004773935961690502 0.25122895074023294
 155 0.8086591018515454 0.0050926222774403335 0.3931914112893838
 156 0.8141829709111972 0.005523869059651734 0.25866212286047713
 157 0.8201600886113576 0.0059771177001604415 0.33523821088770867
 158 0.8267139902574043 0.006553901646046764 0.6070760292407482
 159 0.8334076174433019 0.006693627185897629 0.5321481954008298
 160 0.8399857163046303 0.006578098861328324 0.39170843848952813
 161 0.8466906657589544 0.0067049494543241364 0.377163504398875
 162 0.8537237433347388 0.0070330775757843755 0.6923782544533557
 164 0.8592493531353622 0.0055256098006234815 0.45042156255687626
 165 0.8647749629359857 0.0055256098006234815 0.25750569420997454
 166 0.8706889398706887 0.005913976934703091 0.24092591651295564
 167 0.877356530034604 0.006667590163915245 0.6900023117886717
 168 0.8842820231500182 0.006925493115414291 0.8156278188995932
 169 0.890780469343802 0.006498446193783758 0.536252521778996
 170 0.8970075643200283 0.006227094976226334 0.42632981382389523
 171 0.9033060697514886 0.006298505431460415 0.5492946189544896
 172 0.9096640603892493 0.0063579906377606065 0.8303618434759645
 173 0.9157353221863204 0.00607126179707108 0.5369803220021053
 174 0.921543744844734 0.00580842265841367 0.3373475790941654
 175 0.927533822694996 0.005990077850261957 0.5581197941665036
 176 0.9336913962045743 0.006157573509578306 0.6202123110690602
 177 0.9397079720072605 0.006016575802686221 0.36033012073708237
 178 0.9458050846898011 0.006097112682540502 0.36357551716930764
 179 0.9522649097126274 0.006459825022826434 0.7771353539566488
 180 0.9586845123768258 0.006419602664198355 0.696899718144677
 181 0.9647275503743394 0.006043037997513571 0.4023017020363011
 182 0.9707368447373285 0.006009294362989073 0.3900422465416592
 183 0.9770086652341843 0.0062718204968558065 0.7742172585877827
 184 0.9832069871939971 0.006198321959812902 0.564637173327892
 185 0.9891467509698915 0.005939763775894291 0.39591639440470056
 186 0.9945733754849457 0.005426624515054268 0.38583699669027477
 187 1.0 0.005426624515054268 0.3387897125583958
