 1 0.5930329044816741 0.5930329044816741 0.6079163348423736
 3 0.6382636819004411 0.045230777418767035 0.8929118070602592
 5 0.6446028857257986 0.0063392038253574715 0.3460658678664612
 6 0.6509420895511561 0.0063392038253574715 0.5909413548591648
 7 0.6574138255014025 0.006471735950246453 0.8659135724780768
 9 0.6618661249412833 0.004452299439880774 0.39650675497160964
 10 0.6663184243811641 0.004452299439880774 0.0880076581511912
 11 0.6715831839738143 0.0052647595926502725 0.047309455758818945
 12 0.6789885443593671 0.007405360385552684 0.15884963301180985
 14 0.6857224083742719 0.006733864014904879 0.3385299334445137
 15 0.6924562723891767 0.006733864014904879 0.5926411641826099
 17 0.6970233741389448 0.004567101749768077 0.32959000251267273
 18 0.7015904758887128 0.004567101749768077 0.10554505776503592
 19 0.7069923845118418 0.0054019086231289325 0.07457264378404148
 20 0.7142098581615501 0.007217473649708401 0.21020003090243672
 22 0.7202167317172264 0.006006873555676291 0.3241892935349555
 23 0.7262236052729028 0.006006873555676291 0.4272118819199973
 24 0.7325584270094735 0.006334821736570694 0.8538649424076193
 26 0.7370149521427113 0.004456525133237751 0.36044521000847246
 27 0.7414714772759491 0.004456525133237751 0.1359123764823722
 28 0.7465952980743621 0.0051238207984130296 0.07781205806914185
 29 0.7532786020536574 0.006683303979295331 0.13899680287715785
 30 0.7619800883065961 0.00870148625293875 0.7362225301369241
 32 0.7661078213606374 0.0041277330540412825 0.29643477114360683
 33 0.7702355544146786 0.0041277330540412825 0.06178929263195526
 34 0.7753828593321341 0.005147304917455466 0.044748253436702606
 35 0.7828637743466378 0.007480915014503628 0.1343213962604153
 37 0.7893456453271491 0.006481870980511372 0.32834417365229007
 38 0.7958275163076605 0.006481870980511372 0.5571276707184717
 40 0.8010412090230594 0.005213692715398959 0.38982876860715826
 41 0.8062549017384584 0.005213692715398959 0.1898791587492216
 42 0.8120474083008723 0.00579250656241391 0.19025009770898757
 43 0.8188773627531227 0.006829954452250416 0.3933829586000931
 45 0.8244764848419911 0.005599122088868395 0.36863853485360804
 46 0.8300756069308595 0.005599122088868395 0.17034220155453184
 47 0.836381885948709 0.0063062790178495375 0.16980764458033595
 48 0.8439554345024766 0.0075735485537676275 0.589720224413548
 50 0.8486431297966923 0.004687695294215716 0.27338729211186485
 51 0.8533308250909081 0.004687695294215716 0.06993978503710344
 52 0.8591558034372258 0.00582497834631768 0.07055444164534701
 53 0.8672380178897352 0.008082214452509505 0.3740315026763779
 55 0.8723250834184706 0.005087065528735371 0.24861386048739395
 56 0.877412148947206 0.005087065528735371 0.12083902168419809
 57 0.8835024010434915 0.006090252096285543 0.12948944367338228
 58 0.891195788261258 0.007693387217766433 0.35147923910714507
 60 0.8966559244136524 0.00546013615239442 0.3168031591479929
 61 0.9021160605660468 0.00546013615239442 0.2789116198367371
 62 0.908093735318074 0.005977674752027217 0.2487468722697996
 63 0.9147708670724382 0.006677131754364158 0.24474529508867834
 64 0.9223106651085351 0.007539798036096971 0.675018156946193
 66 0.9271612417585031 0.0048505766499679845 0.34599348635426824
 67 0.9320118184084711 0.0048505766499679845 0.11033346945138814
 68 0.937705086367935 0.005693267959463918 0.1186400153668873
 69 0.945002883700527 0.007297797332591921 0.2643095612423738
 70 0.9537089643880075 0.008706080687480522 0.7552371112086784
 72 0.9594920693999143 0.0057831050119068654 0.3654349199851656
 73 0.9652751744118211 0.0057831050119068654 0.2887524655584667
 74 0.9715136484303903 0.006238474018569234 0.4678057818318698
 75 0.9781064167684801 0.006592768338089747 0.6189471970698499
 76 0.9846447878329619 0.00653837106448183 0.5795398803194532
 77 0.9910145094319588 0.00636972159899685 0.6076409424124488
 78 0.9955072547159793 0.004492745284020605 0.21353615841620333
 79 1.0 0.0044927452840206605 0.14913221011355643
