 3 0.20300300498384577 0.20300300498384577 0.79497639110713
 7 0.22707271571168433 0.024069710727838554 0.659741770688448
 10 0.23253236492423726 0.005459649212552922 0.7067630351357844
 11 0.2378914299042703 0.00535906498003305 0.41291237611629744
 12 0.24390742657095577 0.006015996666685443 0.54623637616985
 13 0.2502054080762021 0.006297981505246355 0.43368543752280136
 14 0.257189467760307 0.006984059684104872 0.7065573968437678
 15 0.26404535739225454 0.006855889631947573 0.8156266707126829
 16 0.2705382638403194 0.006492906448064877 0.8427006907106394
 17 0.2766374503088241 0.006099186468504652 0.6527832761750683
 18 0.28274436939139097 0.006106919082566905 0.6055650056179328
 19 0.2889748878694637 0.006230518478072688 0.5757283029194294
 20 0.2954122956437758 0.006437407774312117 0.6868644479130341
 21 0.30177637848517314 0.006364082841397354 0.9329389429164284
 22 0.30760463465639776 0.005828256171224594 0.8709356196343987
 23 0.31303459967602 0.005429965019622207 0.7228507881458585
 24 0.31833462426768483 0.0053000245916648425 0.45745802612277536
 25 0.32413431512037305 0.0057996908526881975 0.4449315436562177
 26 0.3305248805737242 0.006390565453351137 0.5479622330443965
 27 0.33720971663715094 0.006684836063426712 0.8084392742021241
 28 0.34355464077806214 0.006344924140911189 0.8731387363424488
 30 0.34886464314413757 0.005310002366075408 0.6672920213437976
 31 0.3541522388807032 0.005287595736565607 0.4257647375559254
 32 0.3600428463883118 0.005890607507608622 0.6166253746869804
 33 0.36602554481631366 0.005982698428001865 0.7371612883002129
 34 0.3718365313919682 0.005810986575654556 0.9732342808469356
 35 0.3771024122519385 0.005265880859970342 0.7618908045512861
 36 0.38217514765149035 0.005072735399551845 0.4198682752244143
 37 0.38784606475535477 0.005670917103864414 0.6867411677321447
 38 0.3934526391747206 0.005606574419365827 0.4208710645211624
 39 0.39971662176004785 0.006263982585327241 0.9056286275999557
 40 0.4054959012927373 0.005779279532689479 0.7816576520464886
 41 0.41102768301053133 0.005531781717793987 0.6691221654961379
 42 0.41653235181522763 0.005504668804696275 0.4319799766873654
 43 0.4226426769853761 0.006110325170148482 0.7150570426561206
 44 0.42862296384149373 0.005980286856117601 0.6930602597762135
 45 0.4345218751825493 0.0058989113410555585 0.9219430876276173
 46 0.43994013317637715 0.005418257993827857 0.5243003816042993
 47 0.44567073968655113 0.005730606510173983 0.913624296739116
 48 0.4509463277949181 0.005275588108366973 0.30085253650459004
 49 0.4573529635765097 0.006406635781591587 0.6353817940674668
 50 0.4638111984290187 0.006458234852508998 0.8107339571285643
 51 0.469936704462578 0.006125506033559306 0.9766725392819595
 52 0.4754827203885463 0.005546015925968245 0.5585406725268272
 53 0.48125646425299745 0.005773743864451157 0.7599724426972984
 54 0.4868219403831833 0.005565476130185872 0.5187158497559184
 55 0.49272401779870056 0.005902077415517213 0.4561861732572459
 56 0.49918700785655973 0.006462990057859166 0.863801854485739
 57 0.5052207094826908 0.006033701626131085 0.36138999211966055
 59 0.5109887466752787 0.005768037192587863 0.7010109925527416
 60 0.5166620958964706 0.005673349221191853 0.26561529120130717
 61 0.523766895607498 0.007104799711027444 0.9541833087044527
 62 0.5302370514873241 0.006470155879826087 0.7135717936136247
 64 0.5355746125078711 0.005337561020546949 0.695856244774903
 65 0.5408342473602173 0.00525963485234627 0.3931090932469641
 66 0.5468113244879352 0.005977077127717906 0.6174902168169373
 67 0.5528797178130026 0.006068393325067397 0.45686206231199755
 68 0.5595223761369048 0.006642658323902205 0.9657929128405657
 69 0.5655534487527851 0.006031072615880267 0.7899268687681447
 70 0.571311080432737 0.005757631679951966 0.9260693224626455
 71 0.5765936798991801 0.0052825994664430454 0.5262080261489417
 72 0.5821757409793771 0.005582061080196979 0.2983122781757991
 73 0.5889687836179396 0.006793042638562461 0.5768184086024594
 74 0.5959840771044509 0.007015293486511287 0.45371838731269015
 76 0.601506914781367 0.005522837676916093 0.7007858172300657
 77 0.606939525959075 0.005432611177708006 0.26002282403533
 78 0.6137785849468653 0.00683905898779041 0.7005497833605361
 79 0.6205064808963888 0.006727895949523462 0.7945160423496467
 81 0.6259788198199201 0.005472338923531238 0.6639271530916661
 82 0.6314349583677009 0.005456138547780773 0.4801275894873967
 83 0.6373338556546149 0.005898897286914001 0.4758944508986017
 84 0.6437255529080449 0.006391697253429994 0.5865650308090387
 85 0.650298783340914 0.0065732304328690394 0.7148978383778584
 86 0.65673248213094 0.006433698790026114 0.9019218099848253
 87 0.6626744256686371 0.005941943537697021 0.5523418355024715
 89 0.668174486343327 0.0055000606746898354 0.67526293185194
 90 0.6736351040861037 0.00546061774277675 0.19970029512775925
 92 0.6801421963874655 0.006507092301361839 0.685648456218947
 93 0.6865780202399642 0.0064358238524985885 0.34411287669725044
 95 0.6927338275616297 0.006155807321665496 0.7145085733679137
 96 0.6987597843525771 0.006025956790947454 0.5970159581283472
 97 0.7049295910388134 0.006169806686236251 0.23257960945452155
 99 0.7119130150341346 0.0069834239953212645 0.6828227690195617
 100 0.7188270879843804 0.00691407295024581 0.462477358196275
 102 0.72493100550168 0.006103917517299554 0.7034023791754429
 103 0.7309296123179145 0.005998606816234522 0.4588064473562596
 104 0.7374889271232872 0.006559314805372623 0.533299767211493
 105 0.7443969373465823 0.0069080102232950994 0.8501626589795864
 106 0.7508717841615496 0.006474846814967388 0.7321386734497853
 107 0.7571715499849316 0.006299765823381977 0.9852935434151883
 108 0.7628628520513286 0.005691302066397057 0.8581660722766573
 109 0.7681848155648521 0.00532196351352348 0.6085652025035565
 110 0.7736077877934378 0.0054229722285857275 0.29371242096038336
 111 0.7802326270642855 0.006624839270847809 0.39166000006242957
 112 0.7877680525174489 0.007535425453163321 0.9047789881367122
 114 0.7936586196950252 0.005890567177576352 0.6920845198882544
 115 0.7994710789868624 0.005812459291837298 0.8892065646985655
 116 0.8048583281736597 0.005387249186797266 0.37401101743822046
 117 0.8110567462346792 0.006198418061019493 0.4470738891969107
 118 0.8178784848335143 0.006821738598835174 0.476082087453203
 119 0.8252693913329989 0.007390906499484619 0.849058312796999
 121 0.8304345516463594 0.005165160313360449 0.7418350811382062
 122 0.8354435455677607 0.005008993921401268 0.13331816651504377
 124 0.8418864717688186 0.006442926201057932 0.6540173484264101
 125 0.8483293979698765 0.006442926201057932 0.3191834811044055
 126 0.856039931400117 0.007710533430240495 0.9053313871113338
 128 0.8624221829031938 0.006382251503076857 0.6693235334275458
 129 0.8687726753589969 0.006350492455803097 0.48458771336062456
 130 0.8756226738676327 0.006849998508635812 0.9894964242071134
 131 0.8818044985740234 0.006181824706390715 0.6894200263154678
 132 0.887910238337354 0.006105739763330672 0.7533216452913429
 133 0.8938086781768831 0.005898439839529063 0.5880880951141503
 134 0.8998707114440164 0.006062033267133251 0.39330135169735553
 135 0.9067588001277933 0.006888088683776928 0.7936953666961889
 136 0.9133267766036375 0.006567976475844119 0.6286779703661942
 138 0.9191077124941572 0.005780935890519766 0.6731881037811503
 139 0.9248516084425539 0.005743895948396687 0.46155008814838744
 140 0.9311230684892076 0.006271460046653718 0.5800671434516692
 141 0.9375906294313868 0.006467560942179212 0.46656313169522073
 142 0.9446332137977739 0.007042584366387079 0.5282282636613694
 144 0.9510748362708309 0.006441622473057068 0.6593835895272285
 145 0.9575084242493174 0.006433587978486528 0.7153426338532188
 146 0.9638044658328129 0.006296041583495481 0.5996420953533916
 147 0.9702437360813216 0.006439270248508813 0.6539513723069331
 148 0.9766882890541704 0.00644455297284877 0.46626252366820803
 150 0.9823980717302456 0.005709782676075253 0.7152714521220639
 151 0.9879859215476372 0.005587849817391527 0.2233998684910712
 152 0.9939929607738186 0.006007039226181399 0.36409211089476345
 153 1.0 0.006007039226181399 0.21350643140854636
