 2 0.20054514066623044 0.20054514066623044 0.7973386681871144
 5 0.22367260707675726 0.02312746641052681 0.5432103067821069
 8 0.22884218042562937 0.005169573348872121 0.4430954118491027
 9 0.23401175377450148 0.005169573348872121 0.26149133422928317
 10 0.23930231911172362 0.005290565337222143 0.2136568761221994
 11 0.24496910147673656 0.0056667823650129595 0.153283267248078
 12 0.25124448497662794 0.006275383499891369 0.22376227269746185
 13 0.258173843474467 0.00692935849783902 0.2583672710041773
 14 0.2655801290922155 0.007406285617748557 0.42013340390679277
 15 0.27319071628659186 0.007610587194376329 0.768011961344874
 17 0.2786450923134072 0.005454376026815374 0.4236553635769239
 18 0.2840994683402226 0.005454376026815374 0.2932545982331607
 19 0.28965721479813555 0.005557746457912982 0.2294181754367442
 20 0.2955415139968268 0.00588429919869129 0.19393567611374193
 21 0.3019344501144678 0.0063929361176409474 0.2905624171038994
 22 0.30877833058108706 0.006843880466619247 0.5169644639902022
 23 0.31566966997284446 0.006891339391757398 0.8368624911967273
 25 0.32070694877215816 0.005037278799313717 0.43994721617710675
 26 0.32574422757147187 0.005037278799313717 0.27071136889758834
 27 0.33089054334817924 0.005146315776707393 0.18215359839447745
 28 0.3364459462131914 0.005555402865012144 0.16183159542248507
 29 0.34263847021799865 0.006192524004807222 0.2301131048081617
 30 0.3494413582845455 0.006802888066546821 0.33405168220325737
 31 0.3565842542673281 0.007142895982782614 0.7037129189634305
 33 0.36185113429756666 0.005266880030238537 0.4528737872680554
 34 0.3671180143278052 0.005266880030238537 0.38916395552453786
 35 0.3723687065061256 0.005250692178320356 0.3164641361735468
 36 0.3777218356288028 0.005353129122677217 0.29092026828134854
 37 0.383279529381998 0.005557693753195195 0.30524083858110407
 38 0.389062636625502 0.005783107243504018 0.26202213003247926
 39 0.39511975798107496 0.006057121355572978 0.5337010003429858
 40 0.4012462089963447 0.0061264510152697444 0.530421368774041
 41 0.40717560237591016 0.0059293933795654535 0.715373572199572
 42 0.4128101988642025 0.005634596488292327 0.4864083990706634
 43 0.4181937060122158 0.00538350714801327 0.41160970542244196
 44 0.4235180660977111 0.005324360085495322 0.34297105551672735
 45 0.4289001866921735 0.005382120594462402 0.28569724037355476
 46 0.43446626485663903 0.005566078164465545 0.17244824265861372
 47 0.4404751251441639 0.006008860287524894 0.42187087767410886
 48 0.44680604643869193 0.006330921294527984 0.29925649217996275
 49 0.45325048752024244 0.0064444410815505315 0.6551008855384405
 50 0.4596325095464433 0.006382022026200886 0.673468305229584
 51 0.4656403993191273 0.0060078897726840285 0.7997299272159631
 52 0.4712260874539226 0.005585688134795241 0.4377314423653124
 53 0.47656085708397267 0.005334769630050069 0.4967347933241368
 54 0.48180986884898425 0.005249011765011572 0.2962818627812987
 55 0.48710203129672497 0.005292162447740734 0.2584018122319328
 56 0.4926600979329018 0.0055580666361768035 0.14248257350813145
 57 0.49877033206957766 0.006110234136675905 0.21842058423609606
 58 0.5055583404972206 0.006788008427642905 0.37910386697045023
 59 0.5126525816943429 0.007094241197122293 0.3602781410483821
 61 0.5181975907134518 0.005545009019108895 0.4409947061148494
 62 0.5237425997325608 0.005545009019108895 0.2032363252850534
 63 0.5295091736128613 0.005766573880300497 0.33347010179245684
 64 0.5356117741842157 0.0061026005713543845 0.2218926517844979
 65 0.5420346566920317 0.006422882507815946 0.40260439725799296
 66 0.5487155398434025 0.006680883151370873 0.3705670822988679
 68 0.5538842578227191 0.005168717979316584 0.4373458389784305
 69 0.5590529758020357 0.005168717979316584 0.1817236483416793
 70 0.5644687341766569 0.005415758374621106 0.2583193229033914
 71 0.5703329812286837 0.005864247052026809 0.13939249754261726
 72 0.57678876102935 0.00645577980066624 0.33127759950350044
 73 0.5837863267595782 0.00699756573022827 0.3978965230825705
 74 0.5908901838609341 0.0071038571013558064 0.6214682308236001
 76 0.5960432189743982 0.005153035113464127 0.437266756600326
 77 0.6011962540878623 0.005153035113464127 0.14846410477473077
 78 0.6066642390320371 0.005467984944174862 0.20964796376994022
 79 0.6127387076319192 0.00607446859988207 0.11955253402246048
 80 0.6195785847076195 0.0068398770757003065 0.34950123024789326
 81 0.6270388717904289 0.007460287082809456 0.5344610421788495
 83 0.632158173776166 0.005119301985737086 0.47865584481255624
 84 0.6372774757619031 0.005119301985737086 0.22823816637560682
 85 0.6425358841064576 0.0052584083445545125 0.20509730926965633
 86 0.6482307488772295 0.005694864770772014 0.19379558420717527
 87 0.6544615562506645 0.006230807373434911 0.24110001126631683
 88 0.6612103132845454 0.006748757033880895 0.2925117955981613
 89 0.6683346032859565 0.007124290001411157 0.27386896768405217
 91 0.6737943736117009 0.005459770325744405 0.45677644942130474
 92 0.6792541439374453 0.005459770325744405 0.1332173538817282
 93 0.6850710670429577 0.005816923105512353 0.330567946190893
 94 0.6913948568837455 0.006323789840787749 0.1448953962406897
 95 0.6982337311357495 0.0068388742520039915 0.5001643026729817
 96 0.7054408849763898 0.007207153840640263 0.5063593891289507
 97 0.7124649119819236 0.007024027005533857 0.558607612552614
 99 0.717503411353751 0.005038499371827266 0.44578916043236777
 100 0.7225419107255783 0.005038499371827266 0.1352826052891587
 101 0.7279130104501059 0.005371099724527655 0.1669191736727558
 102 0.7340002881711697 0.0060872777210637784 0.11519639139213254
 103 0.7409685667918844 0.006968278620714751 0.2628559526334095
 104 0.748723024742371 0.00775445795048658 0.5403581919741095
 106 0.7542433583584582 0.005520333616087229 0.5042647104108795
 107 0.7597636919745455 0.005520333616087229 0.28813011454589665
 108 0.7653338798035734 0.005570187829027862 0.20085216260344615
 109 0.7712870698567994 0.005953190053226082 0.2159341697722076
 110 0.7777651610670251 0.006478091210225674 0.28379641475522216
 111 0.7846639795971971 0.0068988185301720375 0.4408066209473586
 112 0.7916905119604617 0.0070265323632646105 0.6721762097371078
 113 0.7984716789389228 0.00678116697846108 0.49884527898693126
 115 0.8035972535508923 0.005125574611969449 0.4469933483964609
 116 0.8087228281628618 0.005125574611969449 0.1953237746768721
 117 0.8140619401478274 0.005339111984965658 0.2845372042608313
 118 0.8197825957777238 0.005720655629896469 0.09220158933698666
 119 0.8262057917237889 0.00642319594606507 0.23106421100024718
 120 0.8335118637060948 0.007306071982305772 0.19326305362770047
 121 0.8414476505772088 0.007935786871114016 0.9438264267522068
 123 0.8463630992705388 0.004915448693329925 0.4921337563370315
 124 0.8512785479638687 0.004915448693329925 0.14114383521167717
 125 0.8564724393840787 0.005193891420209981 0.1312723167226616
 126 0.8624317634418786 0.005959324057799827 0.11293736277799876
 127 0.869364709420199 0.006932945978320536 0.1992017782454323
 128 0.877223909906379 0.00785920048617997 0.3453972427156007
 129 0.8855332430797576 0.008309333173378609 0.8021424971299862
 131 0.8898201397379466 0.004286896658189044 0.5321526523332315
 132 0.8941070363961356 0.004286896658189044 0.12136215905485132
 133 0.8986574158967058 0.004550379500570145 0.12372482887001161
 134 0.9039470426490855 0.005289626752379801 0.11151998820497432
 135 0.9101283900520548 0.006181347402969275 0.19655214720236802
 136 0.9171469321807904 0.007018542128735545 0.23200994551286558
 137 0.9247604442720374 0.007613512091247097 0.7993618216873033
 139 0.9307402557179298 0.005979811445892418 0.44261181111543635
 140 0.9367200671638223 0.005979811445892418 0.3181516809500102
 141 0.9427656943139634 0.0060456271501411266 0.2894263644249654
 142 0.9490422825672794 0.006276588253316019 0.3658960835699357
 143 0.9555019739461084 0.006459691378828921 0.24529786340430962
 144 0.9622191825747207 0.006717208628612352 0.42801284850877996
 145 0.9691360746048835 0.006916892030162799 0.355038398742191
 147 0.9745540869467695 0.005418012341885936 0.4393432693207245
 148 0.9799720992886554 0.005418012341885936 0.14274044989618787
 149 0.9857336828103145 0.005761583521659134 0.27232809526925694
 150 0.9920462421407166 0.006312559330402088 0.18838140127916228
 151 0.9960231210703583 0.003976878929641714 0.04683733252525383
 152 1.0 0.003976878929641714 0.041217310136174315
