 0 1.0 1.0 126360.27446369271
 1 0.1112563653766876 0.1112563653766876 447.86551478053957
 2 0.02617090800061429 0.02617090800061429 79.18966018170552
 3 0.008588383567260141 0.008588383567260141 5.5847271314533256
 4 0.005077805557755004 0.005077805557755004 1.53019878696064
 5 0.004111880440937733 0.004111880440937733 2.062159338103699
 6 0.003093417740611492 0.003093417740611492 1.0089221566503026
 7 0.0027781734830898282 0.0027781734830898282 1.1043582180972573
 22 0.12769305221609858 0.019369964657328678 3.0703063659979155
 23 0.12154493025762193 0.013221842698852028 1.0406181108664314
 25 0.13109320109519979 0.010986892437013732 11.836901083828831
 27 0.1307230836361381 0.005165622868250446 1.4305895728137776
 34 0.16635336252451294 0.007396773489088314 1.8622396583534018
 40 0.1934161407708074 0.006237100676277471 1.2812641123118171
 45 0.21906879712225283 0.007869114840572792 2.0434432165203193
 47 0.2225742901633727 0.005441294971113384 1.0428559342722297
 53 0.2530259935632277 0.007592058713080192 1.4431943369098559
 58 0.27594561085301617 0.006308299862115254 1.3864539835594598
 64 0.3063745270024703 0.00767692413206191 1.0595305151541343
 66 0.31224338998992324 0.006734800723592319 4.112191707074292
 73 0.3473154708549938 0.008173417252516179 2.5050831717296376
 75 0.3508185422175798 0.0058138708424700656 1.3204655925702344
 80 0.37476236155953974 0.007292329043988598 1.5464668430421857
 82 0.379074016146085 0.005714275504419571 1.1792102610717952
 90 0.42290076951695904 0.006294355701358745 2.4703225118393712
 91 0.4211366681072915 0.0045302542916912 1.2916760169845405
 97 0.4479872135899081 0.007511352041193846 1.0178525696771437
 104 0.48537665601314195 0.006290409615330525 1.6109920197852208
 110 0.5151833882643797 0.007306420590878213 1.5948587877082105
 117 0.5514520103800977 0.007245561491435797 1.0616098195101036
 121 0.5704593337981783 0.00715206324532603 1.1504119949432396
 126 0.5956346176039355 0.006683195270744674 1.4810753544367905
 133 0.6324350913815127 0.006667106768720542 1.1218837882867028
 146 0.7086797538127824 0.0075145205906746605 1.3305513042023576
 154 0.7545369013357335 0.0074421875552960984 2.686921881797356
 160 0.783157046136805 0.0074965349469883575 1.0782634014204868
 163 0.7951364814097516 0.006232036255306033 1.0432126901747938
 175 0.8663671126670844 0.0069245853831681825 1.23497817853033
 184 0.9158856180953927 0.006322068903817982 1.0167877699450667
 191 0.9557725518889033 0.008489153290621243 1.3039883215503234
