 0 1.0 1.0 126360.27446369271
 1 0.10693709086763403 0.10693709086763403 594.120959550625
 2 0.02208020430991229 0.02208020430991229 47.07879488649152
 3 0.007319019609723491 0.007319019609723491 3.5852617058215817
 4 0.00429873176555658 0.00429873176555658 2.3769834497339017
 5 0.002785466400176762 0.002785466400176762 1.1256617475721409
 44 0.2298234620141043 0.01299784465159122 11.772709651382652
 46 0.22843186205956845 0.005803122348527682 1.2481486136762996
 60 0.30430897144347135 0.006105370810046104 1.116391910938652
 75 0.3847463271694609 0.007674395528988198 1.1036525834530968
 87 0.44903060971770753 0.0069346705393951704 1.0299587170471503
 99 0.5169740668719796 0.006528458831063331 1.0045281540497135
 112 0.5917704890700162 0.007357592963086263 1.8188711136555373
 126 0.6708125579166991 0.008278116732089355 2.2883289799757187
 141 0.758084255177581 0.006614514260237027 2.1796521992565605
 157 0.8484898139062934 0.007121735726442649 1.034156208167211
 168 0.9121427466747166 0.007271278306895784 2.4837718420698116
