 0 1.0 1.0 82.32993800981527
 1 0.29615548353545484 0.29615548353545484 1.980955745774397
 3 0.37038716601690524 0.1698420253506748 93.43325201019923
 4 0.24960897882677224 0.04906383816054181 9.251322025591929
 6 0.24680007348728408 0.02312746641052681 48.24713218325073
 7 0.23130026816820817 0.007627661091450904 1.9739917275644434
 16 0.28049652642028927 0.0073058101336974 1.3281045195088512
 24 0.3221649630047335 0.0064952930318890835 1.1378743385276067
 32 0.3635781488283289 0.006993894561000802 1.2821450923054787
 60 0.5198386047806616 0.007186023086318676 1.1613221539401928
 67 0.555445612776702 0.006730072933299484 1.1837928318325652
 75 0.5978238895343061 0.006933705673372018 1.3529866797655632
 82 0.6344492478298053 0.007410376039376291 1.8244914056890562
 90 0.6757956978238608 0.00746109453790435 1.4411943784810997
 98 0.7192633563425445 0.006798444360620804 1.368384911359851
 105 0.7565586097303995 0.007835584988028478 1.68321731139171
 114 0.804965670801032 0.006493991862109235 1.0596472587166696
 122 0.8493420652242947 0.00789441464708583 2.8061227509897355
 130 0.8935861302607732 0.008052887181015642 5.448351634945
 138 0.9323264108568513 0.007565966584813952 1.0538131078140522
 146 0.976095890045341 0.006959815440457572 1.1205306228120921
