 6 0.0021659618755962874 0.0021659618755962874 0.5422115116455265
 7 0.004185307499580199 0.0020193456239839115 0.33473191061486646
 8 0.0063367167215682635 0.002151409221988064 0.3319356360285149
 9 0.00852415162456987 0.0021874349030016073 0.22322962086707285
 10 0.010905991728837203 0.0023818401042673314 0.2553339746821873
 11 0.013340831492205048 0.0024348397633678466 0.26008156698023754
 12 0.015855396320104274 0.002514564827899224 0.2677535598470713
 13 0.018443884745344842 0.002588488425240569 0.24882912873297208
 14 0.021150713165695167 0.002706828420350325 0.25512189178372213
 15 0.023948377910609886 0.002797664744914719 0.2539392490861429
 16 0.026849513004455643 0.0029011350938457584 0.24978263372760637
 17 0.029865242569435273 0.00301572956497963 0.2539825870951109
 18 0.032985809158383256 0.003120566588947982 0.2623230930067272
 19 0.03620201207930665 0.0032162029209233914 0.2622499229277272
 20 0.03952766958536458 0.003325657506057926 0.26167932704413005
 21 0.042967721388863594 0.0034400518034990173 0.26076046648618806
 22 0.046527517618814226 0.0035597962299506324 0.25933803465963934
 23 0.050213456814581156 0.0036859391957669266 0.2670932177477995
 24 0.054008309110337216 0.0037948522957560616 0.25958035881970415
 25 0.057946426994322495 0.003938117883985277 0.25818270111669334
 26 0.062025430152959554 0.0040790031586370595 0.2613689356431536
 27 0.06623902765863783 0.004213597505678282 0.2553457307368322
 28 0.07061481238844775 0.004375784729809916 0.24992804736001892
 29 0.07516548883283987 0.00455067644439212 0.2607612700656437
 30 0.07985298535386484 0.004687496521024977 0.2580694670659979
 31 0.08471075234946757 0.004857766995602724 0.2558448635537583
 32 0.08974737800154507 0.005036625652077506 0.25985954307696085
 33 0.0949507371264944 0.0052033591249493385 0.2551349998301673
 34 0.1003520332474798 0.005401296120985386 0.2564158346778927
 35 0.10594362057198649 0.0055915873245067 0.2564078126739974
 36 0.11173513343349595 0.005791512861509458 0.25663978024842055
 37 0.11773275246223835 0.0059976190287424095 0.2544205207024313
 38 0.12395381891953218 0.006221066457293821 0.2613146960510605
 39 0.13037097024588085 0.006417151326348656 0.2578863595532027
 40 0.13702345630667204 0.006652486060791191 0.2576453335152573
 41 0.1439119354343965 0.006888479127724485 0.25714105623507316
 42 0.15104655757915697 0.007134622144760466 0.2568767682653496
 43 0.15843600015703682 0.007389442577879842 0.2587702811457276
 44 0.16607875146987483 0.007642751312838007 0.25832233461207593
 45 0.173991698835906 0.007912947366031178 0.2572665731247221
 46 0.18218884655883216 0.008197147722926157 0.25574235490027675
 47 0.19068575465390736 0.008496908095075193 0.26005538848747123
 48 0.19946243754132828 0.008776682887420928 0.2553947507001028
 49 0.20857205187728592 0.00910961433595763 0.2566351032162224
 50 0.21800215302039672 0.009430101143110811 0.25811576738025377
 51 0.22775892049910698 0.009756767478710276 0.26764220758459834
 52 0.23779563378360372 0.010036713284496724 0.2581839955945072
 53 0.24822323192140291 0.010427598137799188 0.2580254930601624
 54 0.25901920305023995 0.010795971128837012 0.257542983538239
 55 0.27019953488130055 0.011180331831060576 0.6016657428014239
 57 0.2748403764286348 0.004640841547334262 0.6140263128163392
 58 0.27933328679054437 0.00449291036190959 0.38268849772732133
 59 0.2840677436491224 0.004734456858578016 0.2438790777590848
 60 0.2892165177288442 0.005148774079721784 0.24386481305250918
 61 0.29456949026329116 0.00535297253444697 0.24994137375867764
 62 0.3001108165766777 0.005541326313386558 0.24303218284232825
 63 0.3058895231814538 0.005778706604776097 0.24347455800182663
 64 0.3118970052332571 0.0060074820518032845 0.24258720526550048
 65 0.31814744615140034 0.00625044091814323 0.24708713980470484
 66 0.32462743018039414 0.0064799840289938085 0.24785304671829275
 67 0.33135409869136156 0.006726668510967449 0.34501766435792086
 68 0.33794620968701333 0.00659211099565175 0.24732689006461903
 69 0.3450240321749067 0.0070778224878933725 0.3306238904308146
 71 0.3503597546453538 0.005335722470447115 0.641043911294784
 72 0.35518903606533747 0.0048292814199836975 0.2389481027017369
 73 0.36073773051216024 0.005548694446822775 0.24403004134234202
 74 0.3664940350293242 0.00575630451716394 0.2441170602669423
 75 0.37247792034336297 0.0059838853140387555 0.2544682263689398
 76 0.37865357557621176 0.006175655232848787 0.3242605587341652
 77 0.38478790272925717 0.0061343271530453995 0.38483158901390413
 78 0.39084634587976597 0.006058443150508822 0.34948265691887026
 79 0.39703669658329616 0.006190350703530194 0.25230669996065613
 80 0.4036685514577794 0.006631854874483269 0.2958324852144825
 81 0.41035694532965034 0.006688393871870941 0.7907235806692257
 82 0.4161286922156403 0.005771746885989957 0.2530210327038444
 83 0.42283297919619756 0.006704286980557251 0.5213129997374129
 84 0.4289582957680545 0.006125316571856916 0.4309349493376807
 85 0.43517762018300366 0.00621932441494915 0.43693764960492976
 86 0.44135832468922925 0.006180704506225613 0.7886581216695847
 87 0.4469057926046253 0.005547467915396077 0.6979864622845451
 88 0.45230137354775907 0.0053955809431337235 0.32099173811904724
 89 0.4582399170518181 0.005938543504059059 0.4571733236930237
 90 0.4639251086512307 0.005685191599412592 0.3556541257778915
 91 0.4698169173779598 0.005891808726729087 0.3945613989273036
 92 0.47566425784995847 0.005847340471998678 0.25259569527705633
 93 0.482003719570911 0.0063394617209525115 0.7017988655853264
 94 0.48750206982255395 0.005498350251642963 0.3183971914303647
 95 0.493565597581939 0.00606352775938507 0.27321272473862984
 96 0.49991244561304843 0.006346848031109423 0.3791408444722381
 97 0.5060904155160195 0.006177969902971066 0.27212421407363874
 98 0.5126754623187952 0.0065850468027757155 0.3569905524515918
 99 0.519150582381919 0.00647512006312383 0.571915565355282
 100 0.5251750756887618 0.006024493306842758 0.3636415819536189
 101 0.5315350728516678 0.006359997162905989 0.673863738676076
 102 0.5372958967089052 0.005760823857237462 0.4281995988968075
 103 0.5433038696186409 0.006007972909735602 0.33988066931942007
 104 0.5495388569370572 0.006234987318416306 0.306951261785458
 105 0.5559754622966069 0.006436605359549678 0.36646242215930397
 106 0.5623520112365089 0.00637654893990198 0.27677482619350185
 107 0.5691056280707396 0.006753616834230736 0.41376693761653316
 108 0.5755881836337177 0.006482555562978013 0.397303548579407
 109 0.5821120098774626 0.006523826243744885 0.37513401000523355
 110 0.5887167986153713 0.00660478873790867 0.39673322304364456
 111 0.5953004575183392 0.0065836589029678325 0.9472549021118613
 112 0.6009690543391808 0.005668596820841603 0.36909558793362496
 113 0.6072461605601427 0.006277106220961858 0.5241267174320047
 114 0.6131959886845773 0.005949828124434545 0.42638710804786106
 115 0.6192516159376711 0.006055627253093825 0.561335216375663
 116 0.6250054502626267 0.005753834324955604 0.39600689082874446
 117 0.6309786448882772 0.005973194625650459 0.42462924185070794
 118 0.6368942916946403 0.005915646806363167 0.24706756385294987
 119 0.6433800073108095 0.006485715616169225 0.458158609383467
 120 0.6494264614496422 0.006046454138832738 0.29065734468228704
 121 0.6559191424037042 0.006492680954061966 0.46597407169403127
 122 0.6620529811090047 0.0061338387053004855 0.3616490675052068
 123 0.6684032731797962 0.00635029207079147 0.3721547552929787
 124 0.6747811011865914 0.00637782800679517 0.41801351565773626
 125 0.6810756402285888 0.006294539041997424 0.413836208856594
 126 0.6873716439334926 0.006296003704903846 0.6355502430916051
 127 0.6932079598671295 0.005836315933636841 0.299082871953669
 128 0.6996508454185825 0.0064428855514529985 0.31888548973851893
 129 0.706173891035545 0.006523045616962481 0.24346577012647616
 130 0.7131418165631213 0.00696792552757625 0.39947055585083163
 131 0.7197856429084186 0.006643826345297399 0.352585170337128
 132 0.7265889809323678 0.006803338023949123 0.6438818231058606
 133 0.7327814404998306 0.006192459567462825 0.35560337412121057
 134 0.7394225237767277 0.0066410832768971 0.4035722255634689
 135 0.745987396985064 0.00656487320833627 0.2833116457575052
 136 0.7529792105661548 0.006991813581090755 0.5712383636181804
 137 0.7593373477349911 0.006358137168836318 0.7369110238519433
 138 0.7652686865272943 0.005931338792303241 0.39892746911654553
 139 0.7715877875337411 0.006319101006446818 0.5419975978024819
 140 0.7775888342800086 0.006001046746267441 0.408603120721989
 141 0.7837629548217837 0.006174120541775104 0.730933052825291
 142 0.7893410992146213 0.005578144392837593 0.47005713008176603
 143 0.7951111112815408 0.005770012066919519 0.27054604693670065
 144 0.8014011345576608 0.006290023276120062 0.36738635378070816
 145 0.8075515895338153 0.006150454976154492 0.25805741706816027
 146 0.8141476304739016 0.006596040940086252 0.2406895904559776
 147 0.8210599393532909 0.0069123088793893615 0.24600337627428273
 148 0.8282259830105031 0.007166043657212194 0.44674303753152333
 149 0.8349333270631727 0.006707344052669649 0.35949892898325175
 150 0.8418553833866955 0.006922056323522793 0.5704174740977401
 151 0.848303169819319 0.006447786432623423 0.441418910153464
 152 0.8548813795407703 0.0065782097214512674 0.6368801959603817
 153 0.8610164784037967 0.006135098863026422 0.3527678766634523
 154 0.8675980672043603 0.00658158880056361 0.5843838501778837
 155 0.8736913373609255 0.006093270156565298 0.3638770644718668
 156 0.8801370888279778 0.0064457514670523 0.4108990232020873
 157 0.8865034671770253 0.006366378349047541 0.6114594335729743
 158 0.8924407877390549 0.005937320562029589 0.3330989460885443
 159 0.8988482679868612 0.006407480247806301 0.33543635492779184
 160 0.9053479142176853 0.006499646230824122 0.3013284007450324
 161 0.9120706230514356 0.006722708833750239 0.4441084442562001
 163 0.917067123605771 0.0049965005543354275 0.4973536588390613
 164 0.9219359694919795 0.004868845886208493 0.3861148874308172
 165 0.926951803935437 0.005015834443457454 0.2457726767131054
 166 0.9324040634206393 0.0054522594852023315 0.30506760843589326
 167 0.9378589729945739 0.005454909573934607 0.2682766739539556
 168 0.9435625705110898 0.005703597516515891 0.2412119396853695
 169 0.9495606143043077 0.005998043793217863 0.2417005132013841
 170 0.9557994088379541 0.006238794533646439 0.24163269938632057
 171 0.9622902486871023 0.006490839849148234 0.24007627328798634
 172 0.9690507647783654 0.0067605160912630495 0.24120036266614248
 173 0.9760818667592446 0.007031101980879235 0.24052556358488753
 174 0.9834013862516976 0.007319519492453026 0.295579944149769
 175 0.9907491903899899 0.007347804138292297 0.2664286002992674
 176 0.9953745951949949 0.004625404805005062 0.23973645615012443
 177 1.0 0.004625404805005062 0.2367855001421749
