 2 0.20054514066623044 0.20054514066623044 0.7973386681871144
 5 0.22367260707675726 0.02312746641052681 0.5432103067821069
 8 0.22884218042562937 0.005169573348872121 0.4430954118491027
 9 0.23401175377450148 0.005169573348872121 0.26149133422928317
 10 0.23964750782209865 0.005635754047597167 0.27464666499538454
 11 0.24542632124322136 0.005778813421122713 0.18339327078775494
 12 0.2518164883311048 0.006390167087883465 0.27372115969230193
 13 0.25814422822517413 0.006327739894069297 0.22128561256427615
 14 0.2649132851055928 0.006769056880418652 0.25763416524345933
 15 0.271816074117458 0.006902789011865187 0.33361533454247627
 16 0.2786470685445845 0.006830994427126468 0.3907018877614432
 17 0.2853948751891482 0.006747806644563696 0.499741129944639
 18 0.2918811594441947 0.006486284255046499 0.625032394147965
 19 0.298026134271704 0.006144974827509302 0.6548107376642478
 20 0.30393112658840765 0.005904992316703669 0.6584085356763029
 21 0.3096265089585429 0.005695382370135233 0.6376861832612591
 22 0.31515356877092865 0.0055270598123857975 0.457175232277618
 23 0.3208207462628689 0.005667177491940212 0.4193386506578866
 24 0.3265270280220022 0.005706281759133287 0.31679162239042546
 25 0.33250973010820134 0.005982702086199147 0.3109747535312025
 26 0.3386286451943977 0.006118915086196395 0.33131657879084053
 27 0.3448064097044894 0.006177764510091662 0.43005645368029716
 28 0.3508031693597888 0.00599675965529939 0.36837543480220564
 29 0.3569421299998667 0.006138960640077888 0.5547213878949764
 30 0.3627024532470811 0.005760323247214417 0.6247640229512389
 31 0.36821730656656815 0.005514853319487061 0.6016090038516207
 32 0.3735957068121691 0.005378400245600921 0.5409127115235746
 33 0.378919416046562 0.005323709234392914 0.4009685394236664
 34 0.384413668201515 0.005494252154953002 0.4648322084488825
 35 0.3897762050174362 0.00536253681592117 0.2446950798440604
 36 0.39571879967192064 0.005942594654484461 0.5331636389770869
 37 0.4011089034868508 0.005390103814930142 0.30212990247835886
 38 0.4069454677690672 0.005836564282216398 0.39073525693038147
 39 0.4126540015548328 0.005708533785765601 0.27992978772578175
 40 0.41872691911358184 0.006072917558749081 0.38729665475422204
 41 0.42463059414147974 0.0059036750278978825 0.40773953171998983
 42 0.4305059858309268 0.00587539168944704 0.45932830829712834
 43 0.4362621192219866 0.0057561333910597975 0.32114737783364566
 44 0.4423377452696901 0.006075626047703494 0.6807257285051354
 45 0.44776359763300294 0.00542585236331286 0.28164223724915294
 46 0.4538580501404372 0.0060944525074342285 0.46429966600242756
 47 0.4596011863412355 0.005743136200798304 0.3515067763952661
 48 0.4655744998709603 0.0059733135297248205 0.39165559826111795
 49 0.4715034450226141 0.005928945151653801 0.2821689281852755
 50 0.4778035443438799 0.006300099321265791 0.516160111993321
 51 0.4836326829719525 0.005829138628072609 0.4848506335706157
 52 0.4894246814491199 0.005791998477167398 0.32779014104295506
 53 0.4955493200374381 0.006124638588318236 0.5012602786972425
 54 0.5013311152065838 0.005781795169145635 0.2086332882492888
 55 0.5079685688607944 0.006637453654210635 0.7106005702840044
 56 0.513604674047015 0.005636105186220587 0.22824122305398273
 57 0.5201994047863681 0.006594730739353023 0.6582000796201498
 58 0.5259253385066953 0.005725933720327253 0.29860020924857134
 59 0.5322702713285636 0.006344932821868277 0.6143226734082681
 60 0.5379973177817393 0.005727046453175628 0.4299056009533173
 61 0.5439109709609233 0.005913653179183986 0.4609880124639368
 62 0.5497316628933216 0.005820691932398355 0.35116203952345354
 63 0.5557823487004373 0.00605068580711569 0.5042257568193189
 64 0.5615278491971317 0.005745500496694383 0.34453326702209924
 65 0.5675742505342237 0.006046401337091972 0.4424699554253785
 66 0.5734372312038719 0.005862980669648136 0.4441646586946349
 67 0.5792624688410403 0.005825237637168313 0.22771612957226983
 68 0.5857697423544367 0.006507273513396423 0.393823988202367
 69 0.5919483763405167 0.006178633986079971 0.17340560346058054
 70 0.5990997804698454 0.007151404129328648 0.7352127113709869
 71 0.6050266083083783 0.005926827838532968 0.3253562585392003
 72 0.6115683155429309 0.006541707234552564 0.6538704294785763
 73 0.6174592281632828 0.005890912620351946 0.4933721839653962
 74 0.6234344368333696 0.005975208670086797 0.4745734737141168
 75 0.6293670283518152 0.005932591518445586 0.43565260404206374
 76 0.6353229946466898 0.005955966294874644 0.41398547576690914
 77 0.6413046427851302 0.005981648138440421 0.3882751362171512
 78 0.6473489551675344 0.006044312382404206 0.3556498809931274
 79 0.6535114791617375 0.006162523994203026 0.38470118528296243
 80 0.6596546312928806 0.0061431521311431595 0.3393799553761008
 81 0.6659636213466332 0.00630899005375262 0.5079048679216773
 82 0.6719264162407855 0.0059627948941523455 0.23050475486709346
 83 0.6786626337537558 0.006736217512970255 0.5901534924578393
 84 0.68462959400877 0.005966960255014203 0.3538558955572477
 85 0.6909788533186589 0.006349259309888938 0.49099114397559307
 86 0.6970406076879029 0.0060617543692439045 0.6312075029526549
 87 0.7027634169754954 0.005722809287592491 0.11485955956441911
 88 0.7102150521622412 0.007451635186745848 0.6416466893409404
 89 0.7162852471518637 0.006070194989622496 0.2860045946958035
 90 0.7230452395751839 0.0067599924233201795 0.5761175996844452
 91 0.7291892396381555 0.006144000062971672 0.40760513005727195
 92 0.7355518570553483 0.006362617417192821 0.3551605160781089
 93 0.7420720720287777 0.006520214973429316 0.49724937891371707
 94 0.7482855511021195 0.006213479073341847 0.33377796038469515
 95 0.7548516573999752 0.006566106297855698 0.667258213483793
 96 0.7607586980362636 0.005907040636288485 0.5440428867208046
 97 0.7666605803960626 0.005901882359798968 0.5548456826234792
 98 0.7724183099526439 0.005757729556581401 0.3121038136529037
 99 0.778642392443694 0.0062240824910500935 0.24156924627833662
 100 0.7852857799324607 0.006643387488766652 0.39376663454724997
 101 0.7916311558484773 0.0063453759160166075 0.4137590809489703
 102 0.7979404014096635 0.006309245561186169 0.5477488268508022
 103 0.8039428962990652 0.006002494889401789 0.37079652968622434
 104 0.8102309244951705 0.006288028196105265 0.2773968957475052
 105 0.8168959973264921 0.0066650728313216 0.4923170005178036
 106 0.8231034268156109 0.006207429489118746 0.19748906765911334
 108 0.8288292551461354 0.0057258283305245085 0.4388732358807543
 109 0.8340885994630828 0.0052593443169474 0.08721560528041468
 110 0.8410165239596998 0.0069279244966171 0.356662916891655
 111 0.8470981497168626 0.00608162575716272 0.15291525769488143
 112 0.854222372622679 0.007124222905816421 0.29391303097445004
 113 0.8610642238620682 0.006841851239389196 0.38029043492575004
 114 0.8677692829163693 0.006705059054301151 0.3182972096387806
 115 0.8747250266725345 0.006955743756165159 0.4861147120543692
 116 0.8813073693527264 0.006582342680191823 0.6548810472384109
 117 0.8874756277090722 0.006168258356345862 0.3603399878840869
 118 0.8940866499527288 0.006611022243656625 0.7536242822902772
 119 0.8999537425404424 0.005867092587713581 0.2974745507675125
 120 0.9065477642345044 0.006594021694062082 0.5224683095231982
 121 0.912668115076111 0.006120350841606565 0.366372310534521
 122 0.9190628084785825 0.006394693402471463 0.6061671589644874
 123 0.9249675780329033 0.005904769554320867 0.36735029655970264
 124 0.931226402291481 0.006258824258577766 0.38794835980858355
 125 0.9374765798735667 0.006250177582085691 0.2633139981440237
 126 0.9441924125600819 0.006715832686515212 0.4573807002991428
 127 0.9504952282965772 0.006302815736495319 0.28575131720475594
 128 0.9572822026039706 0.006786974307393437 0.45928372587535327
 129 0.9636993798329172 0.0064171772289465905 0.28618155162710507
 130 0.9706105488090659 0.006911168976148747 0.6830988124300449
 131 0.9767083745325122 0.006097825723446266 0.34458397859867107
 132 0.983322971643802 0.00661459711128979 0.7000439707852906
 133 0.9892428104713398 0.005919838827537772 0.5008241468406277
 134 0.9946214052356699 0.0053785947643301135 0.1772971903167477
 135 1.0 0.0053785947643301135 0.16299759992196802
