 6 0.0021659618755962874 0.0021659618755962874 0.5422115116455265
 7 0.004185307499580199 0.0020193456239839115 0.33473191061486646
 8 0.006194754424420357 0.0020094469248401574 0.2959724134065658
 9 0.008271452920742552 0.0020766984963221957 0.24351605081716882
 10 0.01046073536148091 0.002189282440738358 0.24903889417549913
 11 0.012793723360765667 0.0023329879992847564 0.26638318687604445
 12 0.015265956137369766 0.0024722327766040987 0.27985354096555065
 13 0.01786672744846214 0.0026007713110923775 0.2856754670254528
 14 0.020590797315930526 0.002724069867468386 0.2621993935351254
 15 0.023455647694822657 0.002864850378892133 0.2778738142241484
 16 0.026473769200710998 0.003018121505888341 0.25414772946799447
 17 0.029659561564128575 0.0031857923634175775 0.25761767605036306
 18 0.033038272299363125 0.0033787107352345486 0.26937281107333994
 19 0.03660858840056026 0.003570316101197138 0.26803294755886764
 20 0.04037204882532342 0.0037634604247631562 0.26149121301767847
 21 0.04434646625906438 0.003974417433740963 0.26454736171510723
 22 0.04854709813193357 0.00420063187286919 0.267509886969854
 23 0.052980515055025844 0.004433416923092274 0.2632779770682085
 24 0.05766102296477586 0.0046805079097500205 0.2632440182157439
 25 0.06260735636629698 0.004946333401521115 0.2709118858050854
 26 0.06782528983734994 0.0052179334710529485 0.26198127183067993
 27 0.0733313900106835 0.005506100173333573 0.26498772960343847
 28 0.07914959959218663 0.005818209581503132 0.26496274981780427
 29 0.08529326693473877 0.006143667342552125 0.2670986403738128
 30 0.09177738355881583 0.006484116624077067 0.26489983015795454
 31 0.09862091685193917 0.006843533293123349 0.2682111097631057
 32 0.10584191474237505 0.0072209978904358655 0.2671719542041488
 33 0.11345713377240138 0.007615219030026331 0.26070464795801657
 34 0.12150234583215261 0.008045212059751226 0.27051875738825487
 35 0.12999522501844055 0.008492879186287931 0.267516376177012
 36 0.1389462508978273 0.008951025879386771 0.26474914611463113
 37 0.14839284871624303 0.009446597818415715 0.26750764338299543
 38 0.1583624760505292 0.009969627334286172 0.26869271682976636
 39 0.16887438007991676 0.010511904029387563 0.27245285657230084
 40 0.17994538401611004 0.011071003936193296 0.2682471272408324
 41 0.19160643361720922 0.011661049601099167 0.2722903214522678
 42 0.20388943402848103 0.0122830004112718 0.2688919860234705
 43 0.2168256173625131 0.012936183334032078 0.5782279648635871
 45 0.22262873971104077 0.005803122348527682 0.4781280258503864
 47 0.22702785925794214 0.0043991195469013575 0.36547947071569215
 48 0.2314269788048435 0.0043991195469013575 0.24148343562842955
 49 0.23600627750327702 0.004579298698433517 0.2455296139716874
 50 0.24089304576039577 0.004886768257118745 0.24684708895603014
 51 0.24610078065490834 0.005207734894512576 0.25292270068857914
 52 0.25164029346831074 0.0055395128134024 0.24494170389196235
 53 0.25753557287909984 0.005895279410789087 0.24508089830428395
 54 0.26382181668847776 0.006286243809377949 0.2559357828782583
 55 0.27050660268806703 0.006684785999589254 0.27503559267614486
 56 0.27756419488251344 0.0070575921944464135 0.604801549101821
 57 0.28462556444794185 0.0070613695654283964 0.37657265979286664
 58 0.2915533243819974 0.006927759934055516 0.8569592597696044
 59 0.29820360063342527 0.006650276251427898 0.7693946779525307
 61 0.3029607930720885 0.004757192438663244 0.4783418133602397
 62 0.30771798551075175 0.004757192438663244 0.4555120806594475
 63 0.31239809463661194 0.004680109125860221 0.6782215772381457
 64 0.316903003163857 0.004504908527245044 0.24446311938869722
 65 0.321411241949086 0.004508238785228984 0.2873734389159247
 66 0.32617149091341546 0.004760248964329462 0.24382791010211471
 67 0.3311986541788762 0.0050271632654607275 0.2412125598063449
 68 0.3365660640560037 0.005367409877127543 0.24284602023097768
 69 0.3422981927927286 0.005732128736724912 0.24579407791353503
 70 0.3484126365963145 0.006114443803585898 0.24659512778291331
 71 0.35492865919995914 0.0065160226036446505 0.25499220656731075
 72 0.3618567249850945 0.00692806578513541 0.24731343690347307
 73 0.36922155197815276 0.007364826993058223 0.24415558334910326
 74 0.3770719316404727 0.007850379662319914 0.9876512677675351
 76 0.38306863473951897 0.005996703099046258 0.5303445568515578
 77 0.38900872262258435 0.005940087883065408 0.49227390593069537
 78 0.39478689919589 0.005778176573305638 0.9082758870115354
 79 0.4002218089276766 0.005434909731786615 0.3069614252277559
 80 0.40548691492742933 0.00526510599975271 0.2750977672137181
 81 0.41098281101244816 0.005495896085018807 0.3321531012036354
 82 0.416691414779302 0.005708603766853856 0.2872240643633647
 83 0.42260499958919284 0.005913584809890845 0.27622059221210615
 84 0.428801902894515 0.006196903305322131 0.28759636041357545
 85 0.43529517300472254 0.006493270110207536 0.27820683824822784
 86 0.44209593917831236 0.006800766173589849 0.441428045714486
 88 0.44760789708390863 0.005511957905596299 0.507361157858886
 89 0.4531198549895049 0.005511957905596299 0.32518949698053146
 90 0.45863757968587154 0.005517724696366643 0.2821815358268701
 91 0.46436734025415494 0.005729760568283406 0.29275097428916846
 92 0.4703564748262058 0.005989134572050849 0.2748094742506538
 93 0.47662708565010115 0.006270610823895376 0.2685415200686433
 94 0.48322789399799904 0.006600808347897876 0.3897314782620391
 95 0.4900262689961777 0.0067983749981786554 0.31136671906562774
 96 0.4969636804335364 0.006937411437358712 0.6635144080829745
 97 0.5038114220578211 0.006847741624284745 0.41980077576079644
 98 0.5104456080409162 0.006634185983095038 0.5167858370097409
 100 0.5156668644200045 0.005221256379088358 0.596189826390428
 101 0.5208881207990929 0.005221256379088358 0.32710278508315166
 102 0.5260605045912685 0.005172383792175705 0.2999907587938684
 103 0.5314091935363909 0.005348688945122403 0.3366943924991344
 104 0.5369302180786748 0.0055210245422838405 0.28726065937714423
 105 0.5426445921545721 0.005714374075897215 0.24327003370039682
 106 0.548680391070536 0.006035798915963999 0.24302818712030766
 107 0.5551226076463764 0.006442216575840464 0.2452902916651121
 108 0.561995058489387 0.006872450843010581 0.2829794806668543
 109 0.5692571327581787 0.007262074268791646 0.35510587329766335
 110 0.5767555986525614 0.007498465894382766 0.3378369064302695
 111 0.5844128961069299 0.007657297454368511 0.9407735565470045
 113 0.5894995493500168 0.0050866532430868605 0.8725367849742838
 114 0.5945509433241879 0.005051393974171052 0.712027175437511
 115 0.5992056813582407 0.004654738034052847 0.24111086075817914
 116 0.6038537298881561 0.004648048529915414 0.24648166158925283
 117 0.6088131438454332 0.004959413957277086 0.24306012768246396
 118 0.614102121654107 0.005288977808673893 0.23879469865456424
 119 0.619753731415893 0.005651609761785867 0.24010875315344857
 120 0.6257974441103565 0.006043712694463522 0.24209696853715804
 121 0.6322549244994956 0.006457480389139096 0.24420957826705258
 122 0.6391472095507886 0.006892285051292969 0.24505752648333445
 123 0.6464979960448161 0.007350786494027461 0.24507751887944002
 124 0.6543360489725603 0.007838052927744199 0.3334529994781514
 125 0.6625344411846098 0.008198392212049547 0.4309620809241938
 127 0.6679478341507223 0.005413392966112504 0.45013900117346695
 128 0.6733612271168349 0.005413392966112504 0.388234008813809
 129 0.678760832662296 0.005399605545461114 0.35522336427619716
 130 0.6842269917529453 0.005466159090649295 0.28147087310467106
 131 0.689872851423956 0.00564585967101072 0.24815145417568107
 132 0.6958364660350621 0.005963614611106026 0.24087818921696022
 133 0.7021972755548181 0.006360809519756074 0.26137592343632193
 134 0.7089597769252945 0.006762501370476373 0.2766581605891371
 135 0.7160874272547891 0.00712765032949456 0.5209024726252901
 136 0.7232831198894396 0.007195692634650442 0.4128787840615537
 137 0.7303679843341987 0.007084864444759078 0.45183010635784976
 138 0.7374060236896881 0.007038039355489428 0.36506206206528186
 139 0.7444515398876581 0.007045516197969999 0.4890411976006209
 140 0.751469740917344 0.007018201029685848 0.8853947958134679
 142 0.7558463651738844 0.00437662425654041 0.3959113210491291
 143 0.7602229894304248 0.00437662425654041 0.3176552608198071
 144 0.7646791611669881 0.004456171736563327 0.2373155508561484
 145 0.7693637570727031 0.004684595905715029 0.239386703719408
 146 0.7743762512890437 0.005012494216340598 0.28088622459139534
 147 0.7796834460439819 0.005307194754938142 0.24363220508885156
 148 0.7852965023037828 0.0056130562598008735 0.2548487114572742
 149 0.7912692183259612 0.005972716022178461 0.2786630191864105
 150 0.7975715460405173 0.006302327714556125 0.2581135789236796
 151 0.8042163906158251 0.006644844575307763 0.2876493250738342
 152 0.8112084928909189 0.006992102275093789 0.27498208441329774
 153 0.8185369649354538 0.0073284720445349364 0.35720152189508747
 154 0.8261147702640055 0.007577805328551686 0.363289932001744
 155 0.8338152072324716 0.007700436968466128 0.629395432664062
 156 0.8413680781798507 0.00755287094737909 0.6828572667646997
 158 0.8470230361283094 0.005654957948458767 0.6793537265713583
 159 0.8526446612415577 0.0056216251132483065 0.3667626665574563
 160 0.8581290388151526 0.005484377573594927 0.2525464114066694
 161 0.863820844401997 0.005691805586844406 0.2887734558513672
 162 0.8698168033789385 0.005995958976941469 0.2543676962021281
 163 0.8761303346596129 0.006313531280674332 0.24036451160267516
 164 0.8828548684941117 0.00672453383449874 0.2694644152675124
 165 0.8899914231132285 0.0071365546191168435 0.34020637496693557
 166 0.8974026713154286 0.007411248202200037 0.4357409435064008
 167 0.9048714683678208 0.007468797052392273 0.5912086591969993
 169 0.9095334791260706 0.004662010758249803 0.520760408059253
 170 0.9141954898843204 0.004662010758249803 0.41919423514331233
 171 0.9187814217287992 0.004585931844478749 0.4879263444064143
 172 0.9233109143839155 0.0045294926551163505 0.3493778238809515
 173 0.9278358921865512 0.004524977802635652 0.31851676334504425
 174 0.932478469026445 0.004642576839893852 0.24326689973118396
 175 0.9373506561983135 0.004872187171868394 0.24740474977437663
 176 0.9425451225565638 0.00519446635825026 0.24010989433333965
 177 0.9480877040517453 0.005542581495181539 0.24061367114398693
 178 0.9540120153007782 0.0059243112490329755 0.24127790064165142
 179 0.9603424288320024 0.006330413531224215 0.24058927578371575
 180 0.9671068251396178 0.006764396307615414 0.24132223155354043
 181 0.9743348731006063 0.007228047960988493 0.24077952533598412
 182 0.9820579716476716 0.0077230985470652675 0.24263149770717066
 183 0.9903072399611296 0.008249268313458003 0.24275351052988256
 184 0.9951536199805648 0.004846380019435215 0.23934954279597995
 185 1.0 0.004846380019435159 0.24054110629967454
