 8 0.002439490718587262 0.002439490718587262 0.6397901206401662
 9 0.004878981437174524 0.002439490718587262 0.38826426378937284
 10 0.007659800276912364 0.0027808188397378396 0.2990913910255518
 11 0.011041712791697175 0.0033819125147848115 0.30021346800473175
 12 0.015150843013461224 0.004109130221764049 0.33946959030365187
 13 0.019993868236986404 0.00484302522352518 0.341325650599993
 14 0.025694145456195534 0.005700277219209129 0.3278309703659347
 15 0.03247087721301372 0.0067767317568181865 0.3358160984308316
 16 0.04047940958751565 0.008008532374501928 0.33218973639676486
 17 0.04996916522497794 0.009489755637462294 0.3330767647345788
 18 0.06120667086369119 0.011237505638713252 0.3322862802210961
 19 0.07452165708925386 0.013314986225562668 0.33559330573789853
 20 0.09025948722823562 0.015737830138981772 0.377680251121595
 21 0.1083230875587699 0.018063600330534283 0.49615902635640613
 24 0.12010630865818606 0.011783221099416154 0.868109679948209
 26 0.12555746076788765 0.0054511521097015845 0.8136814535974348
 28 0.1298107937619926 0.004253332994104928 0.7334586039851176
 29 0.13394725314975384 0.004136459387761247 0.3361310684989765
 30 0.13883445653827312 0.004887203388519292 0.46286014596969094
 31 0.14416676662641859 0.005332310088145484 0.2685321583472684
 32 0.15082653621465789 0.006659769588239298 0.29454496066291935
 33 0.15895658903542462 0.008130052820766722 0.957835818389686
 35 0.16466269013772591 0.005706101102301307 0.74005468853404
 36 0.1701995940989672 0.005536903961241292 0.5477674049352502
 37 0.17599197422258875 0.005792380123621531 0.9702876494191626
 38 0.18124496564904163 0.005252991426452886 0.40262902508910964
 39 0.18717904009452993 0.005934074445488292 0.5375670451274388
 41 0.192457065695701 0.00527802560117108 0.7493925538202627
 42 0.1975625619917265 0.005105496296025506 0.3420327815201809
 43 0.2035686843053353 0.006006122313608819 0.25046678836844216
 44 0.21119968228168004 0.007630997976344717 0.5802131829322202
 46 0.21713299519225931 0.005933312910579261 0.9277694090978988
 48 0.22197964673988732 0.004846651547627994 0.8010396687657012
 49 0.22659043507950755 0.0046107883396202315 0.42964100684780715
 50 0.23171546069744556 0.005125025617938 0.27733614262356815
 51 0.23806563731806232 0.006350176620616753 0.3615173974701706
 52 0.24543393485014747 0.00736829753208515 0.5820985103638672
 54 0.25167159668642197 0.006237661836274526 0.9299252557187125
 55 0.2573886901706911 0.005717093484269111 0.5127719977045598
 56 0.2634690320102913 0.006080341839600234 0.6194775318359643
 57 0.26963731099090094 0.006168278980609596 0.5997566842710782
 59 0.2748720390040145 0.005234728013113582 0.7353478137766557
 60 0.2799596542029786 0.005087615198964048 0.5484198742945146
 61 0.28528043218407323 0.005320777981094626 0.35860484199207154
 62 0.2914667083055383 0.006186276121465026 0.35101137719158837
 63 0.2986976028704084 0.00723089456487016 0.5163654131669041
 65 0.3055085892663309 0.0068109863959224665 0.6862957263016621
 67 0.30979246543246786 0.0042838761661369755 0.8294668924383056
 68 0.313832515356944 0.004040049924476176 0.3089398070988862
 69 0.31870663030744756 0.0048741149505035514 0.3099982525765816
 70 0.3245820265300745 0.005875396222626929 0.4023688696489971
 71 0.3312202726627759 0.006638246132701431 0.32285844184238965
 72 0.3391420536024776 0.0079217809397017 0.5789514878049328
 74 0.3450046713751097 0.005862617772632091 0.6783829507259075
 76 0.3498878584610496 0.004883187085939861 0.6289753842867392
 77 0.35477104554698946 0.004883187085939861 0.32808598963544766
 78 0.3605752668817336 0.005804221334744094 0.3288946938478257
 79 0.36747003251555116 0.006894765633817563 0.5242721583575917
 81 0.37335974064166544 0.005889708126114284 0.7404647225326251
 83 0.3782961567009076 0.00493641605924216 0.8688706673104579
 84 0.3828979550050869 0.004601798304179277 0.24014272620200264
 85 0.3888054586346004 0.005907503629513528 0.3828416840229283
 86 0.39556313230679946 0.006757673672199059 0.6059496134384543
 87 0.4024564819932964 0.006893349686496943 0.4956786168186114
 88 0.4098501486397735 0.007393666646477081 0.9412052369646601
 89 0.4166064138156003 0.006756265175826819 0.871046495063234
 92 0.42043235373482124 0.00382593991922092 0.7518049234727533
 93 0.4241302588835982 0.003697905148776958 0.2888938513240842
 94 0.42866621288695295 0.004535954003354774 0.3743669402005517
 95 0.4338839203528046 0.005217707465851647 0.2562883132468359
 96 0.44047586154871426 0.006591941195909671 0.3888709723286595
 98 0.44720694119393006 0.006731079645215773 0.737417790479157
 99 0.4537442609065415 0.006537319712611433 0.6002743749456654
 100 0.4604285370182806 0.0066842761117391234 0.9252336805782401
 101 0.4665627101570812 0.006134173138800561 0.65887647471958
 102 0.47269041077955976 0.006127700622478586 0.5527890073504944
 103 0.47908624639781144 0.006395835618251681 0.7012036433887737
 105 0.4841156257074686 0.0050293793096571485 0.8549935075307594
 106 0.4888229741985959 0.004707348491127278 0.34317335804780696
 107 0.4943561408422976 0.005533166643701747 0.3561310739648928
 108 0.5008004252118132 0.006444284369515646 0.4510864051743384
 109 0.5078769676735015 0.007076542461688353 0.5773391712034703
 111 0.5137332389928364 0.00585627131933487 0.9971545029872888
 112 0.5190081172480316 0.005274878255195267 0.5940791443833716
 113 0.5244155772129365 0.005407459964904864 0.3073966517599018
 114 0.5309474925959852 0.006531915383048676 0.5979166186230873
 115 0.5376328163709361 0.006685323774950903 0.7018411312187691
 116 0.5442064488886619 0.0065736325177258165 0.4443888302089141
 118 0.5506315897605891 0.0064251408719272 0.7018076757905786
 119 0.5569494615199427 0.006317871759353618 0.6397691738486869
 120 0.5633072705528522 0.006357809032909508 0.4094711403616077
 122 0.5695238836508907 0.006216613098038396 0.7285119380249381
 123 0.5755799109019955 0.006056027251104787 0.4966944376677229
 124 0.5820721631059664 0.0064922522039709985 0.5204223246263845
 125 0.5889514223331909 0.0068792592272244775 0.7365522924026907
 127 0.5944072169186888 0.005455794585497951 0.8206036404201336
 128 0.5995663094541737 0.005159092535484857 0.30555479473325486
 129 0.6058074847435636 0.006241175289389965 0.7162055486508344
 130 0.6119133869763059 0.006105902232742335 0.5128392459785583
 131 0.618407028716342 0.00649364174003604 0.39708334402537127
 132 0.6257679846127921 0.007360955896450087 0.9751945032300349
 134 0.6315994079773879 0.00583142336459575 0.6107313564196962
 135 0.6374308313419836 0.00583142336459575 0.3603540965731027
 136 0.6442026248053597 0.006771793463376055 0.8988109932366848
 137 0.65046221745134 0.006259592645980266 0.55927644631082
 138 0.6569766951322314 0.0065144776808913766 0.7606501263147774
 139 0.6632547870362565 0.0062780919040250315 0.9528073297380087
 140 0.6689741404503232 0.0057193534140666915 0.5657758151900917
 141 0.6749092190736021 0.005935078623278897 0.8573901661143538
 142 0.6804603930444137 0.005551173970811571 0.4768067269255758
 143 0.686472443516763 0.006012050472349182 0.37350800606944823
 144 0.693392055555922 0.006919612039158979 0.4117754070477275
 145 0.7011652332221077 0.007773177666185728 0.7512159793177422
 147 0.7074649177646757 0.00629968454256803 0.7197507409089633
 148 0.7136204587265642 0.006155540961888541 0.6471330070746149
 149 0.7197972133035662 0.006176754577001979 0.9680862694725665
 150 0.7254019607064902 0.005604747402924008 0.3678963007763544
 151 0.7318771072873868 0.006475146580896528 0.3499769470803153
 152 0.739451199553163 0.007574092265776199 0.6325865872132133
 153 0.7470947137804373 0.007643514227274333 0.7300332233329426
 155 0.7523422943317959 0.005247580551358576 0.8469174979805467
 156 0.7572655281169148 0.004923233785118948 0.569935831668716
 157 0.7623651135529844 0.005099585436069553 0.3380084481565087
 158 0.7683819259051764 0.006016812352192012 0.305590498167328
 159 0.7756605111898167 0.0072785852846402755 0.5830581688534199
 161 0.7822824781721311 0.00662196698231442 0.6027667065669693
 162 0.7889044451544456 0.00662196698231442 0.8364300261124856
 164 0.7944549498953497 0.005550504740904097 0.6889280579396981
 165 0.799938118300709 0.0054831684053593035 0.3302873786161452
 166 0.8064446889529396 0.006506570652230619 0.5786560128016689
 167 0.8131587982013091 0.006714109248369492 0.7044096200141331
 168 0.8197547093140274 0.006595911112718294 0.6436898414812358
 169 0.826382184892502 0.006627475578474666 0.6986162446362536
 170 0.8329064427072093 0.006524257814707196 0.7952408245094694
 171 0.8391244737321583 0.006218031024949005 0.5999557461247241
 172 0.8454831275343176 0.006358653802159425 0.47555974106007265
 173 0.8523741997636459 0.006891072229328299 0.5927180924823456
 174 0.8594425272839162 0.007068327520270271 0.7122998313210216
 176 0.8653561503783098 0.005913623094393602 0.6774170825835144
 177 0.8712226916870338 0.0058665413087239555 0.3766322791919713
 178 0.8779608575567234 0.006738165869689545 0.5796334583704722
 179 0.8849110167563449 0.006950159199621478 0.8547995713253842
 180 0.8914165262829365 0.0065055095265917125 0.8836068453179241
 181 0.8974556431201101 0.006039116837173504 0.8035056856416035
 182 0.9031964546907113 0.005740811570601278 0.43343937639768837
 183 0.9095635491915747 0.006367094500863376 0.6749916070388323
 185 0.9152303658357602 0.005666816644185539 0.7128921403398736
 186 0.9207807882177789 0.005550422382018628 0.6414961333933497
 187 0.9263625336545934 0.0055817454368145645 0.39802232661079134
 188 0.9326860779938697 0.006323544339276282 0.4567956663311649
 189 0.9396082837853518 0.00692220579148202 0.4339506528648229
 190 0.947283398598282 0.007675114812930208 0.4382235687755459
 192 0.9544358776447404 0.007152479046458347 0.9387226582057117
 193 0.9609760565471387 0.00654017890239833 0.8517140179284265
 194 0.9671033462240063 0.006127289676867587 0.48171165502867463
 195 0.9737224135979631 0.006619067373956752 0.736183385352466
 196 0.9801536379420549 0.006431224344091851 0.5841568104687854
 197 0.9867743226922956 0.0066206847502406916 0.796134732907473
 198 0.9930824837323594 0.006308161040063788 0.7686133076578946
 199 0.9965412418661797 0.0034587581338202944 0.23767473733960598
 200 1.0 0.00345875813382035 0.2385944357357455
