 0 1.0 1.0 82.32993800981527
 1 0.3255646514544829 0.3255646514544829 2.5433154243748883
 2 0.232657961599617 0.232657961599617 1.1328593942821028
 4 0.3964938073691433 0.19349080238529753 90.7959584131469
 5 0.2647536821832537 0.06175067719940792 20.08307902673508
 6 0.23018765082702125 0.027184645843175467 1.068138547296642
 8 0.2511091412998331 0.024036425588148738 69.25757070124652
 9 0.23518121534834346 0.008108499636659123 3.248372498738641
 29 0.3494622378116688 0.005907597033606679 1.0055450329906963
 58 0.512222404915598 0.0070016954329072244 1.427694054635356
 63 0.5365728034375858 0.006335751950261685 1.3045630848968561
 75 0.6036764805712693 0.007692403466818382 2.4953710228388832
 80 0.6269200529819551 0.006413572085566241 1.2394114937671357
 88 0.6688776301589069 0.006203204490269733 1.0621910099722571
 91 0.680968266890823 0.0073331628047193075 1.058817224734201
 94 0.6941377603188449 0.007559740078880691 1.4962371106557435
 98 0.7129124015826236 0.007982810543810257 1.1211014766825977
 101 0.7263724240494944 0.007545336065113947 1.5363931505813884
 113 0.7947220205489969 0.006953968031548043 1.276100891574272
 120 0.8321991038890368 0.006929712556037936 2.1415404653658467
 123 0.8428568417617223 0.0074132961939616365 1.1509516220055607
 127 0.8631544115223839 0.0071144801222669035 1.013498682644857
 137 0.9199652312606732 0.006638454657035688 1.1418376168323232
 143 0.9520679102243498 0.007434696426575885 1.1653083769475283
 149 0.983706948471629 0.007018659417458604 1.5019894419856548
