 2 0.07389334642647223 0.07389334642647223 0.5300730722457748
 4 0.11572263643678687 0.04182929001031464 0.38334464523447415
 7 0.12072974839690784 0.0050071119601209696 0.5634254948907563
 8 0.1257368603570288 0.0050071119601209696 0.1371226213995759
 9 0.13128009576514738 0.005543235408118577 0.1132124002923244
 10 0.13828702247330663 0.007006926708159239 0.04181383218002622
 11 0.14804175482667917 0.00975473235337255 0.09524296891281148
 12 0.1618117116436644 0.01376995681698523 0.7296846344376499
 14 0.16650102899353433 0.004689317349869929 0.5163259424599889
 15 0.17119034634340427 0.004689317349869929 0.23779404404388368
 16 0.17618552979716587 0.004995183453761604 0.11221820706161433
 17 0.18222455433612617 0.006039024538960308 0.10490220323546275
 18 0.19003300543539892 0.007808451099272764 0.26951661689728196
 19 0.19942826909664704 0.009395263661248134 0.39713864902022533
 20 0.20955131103005034 0.010123041933403304 0.6997374280025872
 22 0.21458804318763353 0.0050367321575831925 0.7103261743607423
 23 0.2196247753452167 0.0050367321575831925 0.20907782917684803
 24 0.2249056934495332 0.005280918104316505 0.14493364050242888
 25 0.23122352675782026 0.0063178333082870575 0.18256827466021971
 26 0.23886691962107176 0.007643392863251511 0.23377648467000653
 27 0.24775573797283146 0.008888818351759703 0.2988122824264844
 28 0.25767900299571017 0.0099232650228787 0.9356402469399555
 30 0.2630534607073897 0.005374457711679575 0.5797662715348668
 31 0.26842791841906927 0.005374457711679575 0.27836075190003456
 32 0.27402406126437295 0.005596142845303701 0.13965315964681926
 33 0.2805825644733419 0.00655850320896897 0.15759676298164618
 34 0.28863846690810047 0.008055902434758594 0.39579160175137235
 35 0.29771685898487804 0.009078392076777584 0.6145896114581062
 37 0.30316700291822923 0.0054501439333512125 0.508240301041339
 38 0.3086171468515804 0.0054501439333512125 0.28301565434895004
 39 0.3143467563837742 0.0057296095321937475 0.24251513326614943
 40 0.3207525209441796 0.0064057645604054065 0.12223753875856318
 41 0.3284299690078792 0.007677448063699565 0.1692644795073625
 42 0.3379083473456096 0.009478378337730436 0.7557643493612466
 44 0.3427281488840654 0.004819801538455813 0.5073502938467421
 45 0.3475479504225212 0.004819801538455813 0.15559171431088556
 46 0.35287428239214785 0.005326331969626686 0.10402155387808983
 47 0.35958405103810287 0.006709768645955019 0.13948932000991396
 48 0.36811262161831343 0.008528570580210561 0.21518583572513542
 50 0.3759089067033932 0.007796285085079768 0.4855947437337444
 51 0.383705191788473 0.007796285085079768 0.9082729605531883
 53 0.3893106351227867 0.0056054433343136695 0.4862923536555022
 54 0.39491607845710036 0.0056054433343136695 0.2639765448119326
 55 0.40086504979159765 0.005948971334497279 0.1780899251117243
 56 0.40772818242728703 0.006863132635689367 0.14218811421135594
 57 0.41606143652133165 0.008333254094044593 0.1976315141711017
 58 0.4260932035801282 0.010031767058796548 0.8201844299228267
 60 0.4308766139803199 0.004783410400191674 0.5741364485912351
 61 0.4356600243805116 0.004783410400191674 0.331123392934634
 62 0.4405732289956155 0.004913204615103895 0.11952483464397222
 63 0.44632281003420754 0.005749581038592038 0.10175284045439331
 64 0.45373723645136016 0.007414426417152596 0.08575991103258816
 65 0.4635609082117531 0.009823671760392923 0.18384375837363703
 67 0.47011365427581925 0.006552746064066125 0.4083631920217664
 68 0.4766664003398854 0.006552746064066125 0.4751390321390113
 69 0.48338551644727307 0.006719116107387677 0.2372579077902514
 70 0.4905939459177903 0.007208429470517237 0.13505023560241464
 71 0.4991780965589546 0.008584150641164284 0.9189347007253972
 73 0.5046353536714386 0.005457257112484059 0.6160929190384744
 74 0.5100926107839227 0.005457257112484059 0.08507453562150032
 75 0.5163319544317876 0.006239343647864905 0.08208720309018905
 76 0.5247495922774674 0.008417637845679846 0.14818277149302037
 77 0.5356044966115393 0.01085490433407189 0.35627136956166766
 79 0.5416560281998225 0.0060515315882831945 0.3129297625384328
 80 0.5477075597881057 0.0060515315882831945 0.37399703345837687
 81 0.5541795724028175 0.006472012614711769 0.2306492878834237
 82 0.5612792050534691 0.0070996326506515715 0.10509881747915276
 83 0.5699306803703352 0.008651475316866218 0.26195035632097874
 85 0.5767514482393831 0.006820767869047802 0.5240946563727223
 86 0.5835722161084309 0.006820767869047802 0.36131509098952536
 87 0.5905803578977865 0.007008141789355616 0.19767052909370328
 88 0.5983896850503387 0.007809327152552228 0.1411195538791995
 89 0.6077964369588087 0.009406751908469978 0.4029832099764154
 91 0.61377067256492 0.005974235606111288 0.5016530850701987
 92 0.6197449081710313 0.005974235606111288 0.23051556490552103
 93 0.6261406385876807 0.006395730416649271 0.09553071195207766
 94 0.633996239767054 0.007855601179373312 0.11683863130063046
 95 0.6441977716300519 0.010201531862997925 0.47902739342716244
 97 0.6504447086383414 0.006246937008289482 0.6078662890438079
 98 0.6566916456466309 0.006246937008289482 0.31301125953373937
 99 0.6631076416803604 0.006415996033729546 0.10813651521556843
 100 0.6707135776601333 0.007605935979772833 0.12230252018368636
 101 0.6804548835948084 0.009741305934675194 0.48082112321834813
 103 0.687066852613397 0.006611969018588482 0.5823572502916948
 104 0.6936788216319855 0.006611969018588482 0.2768715375463274
 105 0.7005640397053511 0.006885218073365644 0.08299340772363366
 106 0.7089912821465085 0.008427242441157452 0.13851613308668562
 107 0.719908832179639 0.01091755003313044 0.8503494201921413
 109 0.7252698519707316 0.00536101979109261 0.6566862155762151
 110 0.7306308717618242 0.00536101979109261 0.15720484889124214
 111 0.7364245735003035 0.005793701738479418 0.06750967861033823
 112 0.7439794772770494 0.0075549037767458135 0.08345854177565527
 113 0.7543505026918567 0.01037102541480723 0.2515620254890102
 115 0.7626207873881967 0.008270284696340072 0.5894668325272138
 117 0.7690582693203221 0.006437481932125393 0.46662732673266394
 118 0.7754957512524474 0.006437481932125393 0.2722918602587126
 119 0.7823335935734729 0.006837842321025509 0.1979401791780008
 120 0.7901332991815508 0.007799705608078003 0.16012322860165012
 121 0.7994299273696112 0.009296628188060348 0.42858397132025516
 123 0.8064470101582941 0.007017082788682979 0.6580189333095581
 124 0.8134640929469771 0.007017082788682979 0.27954424447069504
 125 0.8206914010664688 0.007227308119491681 0.2618198531007387
 126 0.8287285981696126 0.008037197103143857 0.5269410161978402
 128 0.8352263121184824 0.006497713948869785 0.4983266638361197
 129 0.8417240260673522 0.006497713948869785 0.27423511853303356
 130 0.8485841169238384 0.006860090856486237 0.09394902876060836
 131 0.8569018067674538 0.008317689843615408 0.08282087948047709
 132 0.8680254088581137 0.01112360209066004 0.23586804582234502
 134 0.8743007262817601 0.006275317423646384 0.40555153916930003
 135 0.8805760437054065 0.006275317423646384 0.28527492862798665
 136 0.8872938327771751 0.0067177890717686145 0.18137088784594507
 137 0.8949825948449137 0.00768876206773857 0.10900945828361983
 138 0.9045104896963797 0.009527894851466 0.1600084214398177
 140 0.9120435671132117 0.007533077416831919 0.4301516947659306
 141 0.9195766445300436 0.007533077416831919 0.6650887975218425
 142 0.9270550498358133 0.007478405305769658 0.9819486961583007
 143 0.9339859337238441 0.006930883888030808 0.6482001988666815
 144 0.9404231466625086 0.00643721293866452 0.23923853356025918
 145 0.9471481847360654 0.006725038073556853 0.20438712807913473
 146 0.954881393875735 0.007733209139669542 0.13605278575114488
 147 0.9641988792009529 0.009317485325217877 0.1947145932661498
 149 0.9724003460649489 0.008201466863995912 0.4593687448698259
 151 0.9786811409190918 0.006280794854142902 0.49729622423531633
 152 0.9849619357732347 0.006280794854142902 0.3093227166694588
 153 0.9915279846329329 0.006566048859698264 0.15026201417304424
 154 0.9957639923164665 0.004236007683533549 0.015862971886722598
 155 1.0 0.004236007683533494 0.0061406212006319
