 1 0.6963558490223316 0.6963558490223316 0.6141339986984912
 4 0.7150910961592654 0.018735247136933707 0.2292898794391094
 6 0.7213308954546916 0.006239799295426292 0.6192973217544674
 7 0.7275706947501179 0.006239799295426292 0.3247437044909456
 8 0.7339498311950667 0.006379136444948786 0.17083330508446187
 9 0.7412088929176383 0.007259061722571475 0.17346555719259235
 10 0.7499092969078396 0.008700403990201385 0.38941251341407784
 12 0.7563136427190927 0.006404345811253167 0.49405178968432373
 13 0.7627179885303459 0.006404345811253167 0.36016098888352743
 14 0.7693324745177129 0.006614485987367038 0.2987376896504599
 15 0.7764562494377054 0.007123774919992492 0.33144975016281925
 16 0.7841817402748961 0.007725490837190687 0.5542943948962205
 18 0.7901168388966796 0.005935098621783577 0.5130771801776757
 19 0.7960519375184631 0.005935098621783577 0.29465254957407044
 20 0.8022655612577564 0.0062136237392932244 0.20014851658930408
 21 0.8093005075100573 0.007034946252300912 0.20972613978781227
 22 0.8174930096337514 0.00819250212369408 0.43494871412874003
 24 0.8235788515160201 0.006085841882268639 0.48326081692762096
 25 0.8296646933982887 0.006085841882268639 0.3087912403057244
 26 0.8360430374808833 0.006378344082594565 0.23785541531354745
 27 0.8431340671548093 0.007091029673926002 0.2818162921105798
 28 0.851077498958363 0.007943431803553705 0.5731259187783445
 30 0.85676766058492 0.005690161626557032 0.4850713280539527
 31 0.862457822211477 0.005690161626557032 0.2245848771495856
 32 0.8685797666011454 0.0061219443896684345 0.10356872988142338
 33 0.876065281935523 0.007485515334377583 0.14065245561422607
 34 0.8855768075826508 0.0095115256471278 0.5581104001012404
 36 0.891517422105416 0.005940614522765202 0.6261420077318754
 37 0.8974580366281811 0.005940614522765202 0.250493697651536
 38 0.9036584074373102 0.0062003708091290565 0.13536520998672877
 39 0.9110076481005943 0.007349240663284169 0.18362013022214416
 40 0.9199448247559494 0.00893717665535507 0.40531281102868394
 42 0.9270112983519736 0.007066473596024215 0.5260174299972271
 43 0.9340777719479978 0.007066473596024215 0.40845663672680876
 44 0.941262363116787 0.007184591168789181 0.5000927866734647
 45 0.9485978736680533 0.0073355105512662305 0.8419488171357631
 46 0.9556493951676509 0.007051521499597594 0.8203816509892832
 47 0.9621542506108367 0.006504855443185793 0.5071990692352424
 48 0.9684134454481316 0.006259194837294906 0.24570153238700904
 49 0.9750726505139664 0.006659205065834874 0.2516425777896111
 50 0.9825825543362817 0.007509903822315264 0.3149316182066685
 51 0.9908789921285788 0.008296437792297022 0.44569431815965527
 52 0.9954394960642894 0.004560503935710614 0.15267452800629044
 53 1.0 0.004560503935710614 0.0837307778899189
