 0 1.0 1.0 1357.7869250073772
 1 0.131332004146274 0.131332004146274 2.9862669351094553
 3 0.14693716404747928 0.07304381762100705 2.8231770273637515
 5 0.15755192644710153 0.04182929001031464 146.802563614291
 6 0.12399051268863312 0.008267876251846244 2.3654281746544537
 13 0.16777176649432163 0.008854261784518971 1.474206149878855
 19 0.20205968560924747 0.007000673848235803 1.4264169887293061
 27 0.24997105913598153 0.006902608032238808 1.274146300714234
 61 0.47443267322037336 0.006994028643003883 1.4898568223026543
 69 0.5256092297091663 0.008741907249225675 2.5948887539634895
 84 0.6269309662146708 0.008212092780584141 1.5519594523967708
 90 0.6635167200571007 0.008304884150384138 1.1313259571010215
 96 0.7017196253823316 0.009148179061547265 1.2164482203853184
 116 0.8415874838575671 0.007275973209538537 1.108464267636292
 122 0.8824753635635928 0.009187717293112657 3.5535167486886623
 129 0.9233658889459654 0.008839076525074313 1.3399858355427867
 135 0.9606636874503158 0.008408063561284651 1.2937402827276303
 140 0.9904444320054511 0.008526266600646284 1.2865921852010493
