 0 1.0 1.0 5350471.5723683555
 1 0.07682558363067493 0.07682558363067493 1952.0593399040201
 2 0.010074945019886343 0.010074945019886343 9.690901307983447
 3 0.004407363950189458 0.004407363950189458 1.0341609809266992
 14 0.06513711139121191 0.008151308913496478 1.0484457401877372
 17 0.07909270799082274 0.007663110164420487 1.0438352014527388
 34 0.2330227289382153 0.012261023581672659 5.919908528509276
 35 0.2269866561827327 0.006224950826190066 1.4471916124257687
 39 0.2516343538109035 0.012904484360824683 3.0805205123043966
 41 0.25458716564296985 0.007816935385783572 2.236089094510056
 42 0.25216968896808434 0.005399458710898062 1.1995359896971671
 46 0.2766796581090426 0.012023396643187991 2.582127682174737
 48 0.2802559440070127 0.007672031240140473 1.898175032040453
 49 0.2781734534440638 0.005589540677191579 1.346868567740804
 50 0.277142078153438 0.00455816538656579 1.0248966515393425
 55 0.3099792673274804 0.011235207695255305 7.172575143696442
 61 0.3466400586693953 0.013124265075528257 6.15467683659315
 64 0.35291737707615467 0.006233235875202268 1.2567239983585816
 68 0.37840524875769915 0.013313760899828296 3.5695269377594574
 70 0.3809227185620652 0.00791561535209716 1.7578797834559143
 71 0.3789207261390778 0.005913622929109767 1.1561470906288904
 75 0.4052251879638728 0.013193139134266462 1.545324301104939
 77 0.41180700000698006 0.009492760929665538 5.513501027358428
 78 0.4072404591727657 0.004926220095451191 1.4109428421124968
 84 0.44543466389953673 0.010405695367306178 18.523373788292776
 91 0.4783106413794829 0.011111550165663614 1.1770570665417295
 93 0.48580078425239714 0.0091272421337384 3.646624872377508
 98 0.5132597372961126 0.01194199467205293 1.6256281634925718
 100 0.5196246032284407 0.009153430302190556 5.868237370683769
 105 0.5480493739517394 0.013761389598950872 1.1910893870333692
 107 0.5571485970994479 0.01117272219046256 11.09835398620866
 108 0.5506715625540802 0.0046956876450950005 1.265032462751874
 114 0.5836511249500546 0.0106345902185436 1.5166035266012947
 116 0.5896954925093513 0.008339478888920187 2.5700506395737066
 121 0.6179586638161788 0.008547198744686332 2.554393957810493
 130 0.6736190788918932 0.007278247704978362 1.079106812349278
 135 0.7051443444974368 0.008830780430477445 1.4919059085857325
 138 0.716389656802456 0.0065387236704720205 1.5922199223551308
 142 0.7454617606274713 0.01483448487850802 2.7014461464546717
 144 0.7489838226691135 0.008716544205800055 1.7720662263308573
 145 0.7467621482820047 0.006494869818691344 1.0120817980923555
 150 0.7770594713302327 0.009319065233139167 1.0981813836531493
 152 0.7831907193331407 0.007319332423828561 1.1520872312497399
 157 0.8140852243005373 0.010378172175116395 1.7347943939518857
 159 0.818522298648109 0.007028247223656237 1.5533979503779187
 164 0.8579509505660624 0.012548580895969786 16.79424727201226
 165 0.850081009954879 0.004678640284786374 3.111800514837591
 168 0.854771420681205 0.003729273995146798 1.0677913405902022
 175 0.8957550834051318 0.008620560380712546 1.040250084138961
 177 0.9024507637781425 0.0076581203768616496 1.1712936596860037
 181 0.926839495936722 0.009306715748433109 2.7899199819044447
 182 0.9235183611990653 0.005985581010776396 1.3629036356928261
 183 0.9223948689033653 0.0048620887150764265 1.0676185057070002
 189 0.9612817461999921 0.010245803585097739 2.4570524820926782
 190 0.9579005787245917 0.006864636109697376 1.4613847725288942
 191 0.9564852334347224 0.00544929081982807 1.2185677465338134
 192 0.9556293265531002 0.004593383938205849 1.0730074967374712
 197 0.9842258247017972 0.01001920805597292 1.8279055971470628
