 1 0.781623280591502 0.781623280591502 0.8234246834989768
 4 0.8003619723100194 0.018738691718517334 0.34977085418584947
 6 0.8064536862898223 0.006091713979802898 0.8676725782709586
 7 0.8122019532789113 0.005748266989089081 0.3428498146516373
 8 0.819582601981196 0.007380648702284666 0.2827139937956845
 9 0.8296727079345464 0.010090105953350319 0.9200976405364394
 11 0.834823445692935 0.005150737758388624 0.7832790518702921
 12 0.8398523526638215 0.005028906970886526 0.28300701816363827
 13 0.8467250841192457 0.006872731455424184 0.2914613253410539
 14 0.8560286332212459 0.009303549102000208 0.7699757107221575
 16 0.8615744686183242 0.005545835397078355 0.7790686697489544
 17 0.8669988634499838 0.005424394831659615 0.28237882666657316
 18 0.8744174128057025 0.00741854935571872 0.3268836914219637
 20 0.8826404537729416 0.00822304096723915 0.7311790998124752
 22 0.8887723184025512 0.006131864629609615 0.7366382424812925
 23 0.8948829154944381 0.006110597091886851 0.43316840374436083
 24 0.902147899211603 0.007264983717164847 0.470354662228348
 26 0.9094257862654515 0.0072778870538484555 0.7254019846349007
 28 0.9157645220660924 0.006338735800640945 0.7239783068630691
 29 0.9221032578667333 0.006338735800640945 0.5586778077962424
 30 0.929029509918818 0.006926252052084758 0.5755685026284157
 31 0.9365231022908934 0.007493592372075417 0.9245679518387272
 33 0.9421480266487817 0.0056249243578882935 0.7250745717529204
 34 0.94777295100667 0.0056249243578882935 0.35754178036889056
 35 0.9548966593836964 0.007123708377026316 0.36576382373530913
 36 0.9638514711056669 0.008954811721970511 0.7870322590132232
 38 0.9693627690227781 0.005511297917111159 0.7210639725549067
 39 0.9748740669398892 0.005511297917111159 0.3779525536450499
 40 0.9817278088166651 0.006853741876775887 0.3695615208316137
 41 0.9903140932513472 0.008586284434682094 0.5762786230246355
 42 0.9951570466256736 0.004842953374326386 0.28829034995791963
 43 1.0 0.004842953374326386 0.13905770919404092
