 3 0.003650488225247812 0.003650488225247812 0.45468781473834136
 4 0.007300976450495624 0.003650488225247812 0.3298508201485514
 5 0.011125314780081674 0.003824338329586049 0.31390953414527556
 6 0.015257283396843152 0.0041319686167614784 0.35535475946452244
 7 0.019694046617081115 0.004436763220237962 0.2307313250557513
 8 0.024581650670630704 0.004887604053549589 0.37311408515523126
 9 0.029944122773190307 0.005362472102559602 0.5671601912453487
 10 0.03540313687930874 0.005459014106118432 0.42363279046646746
 11 0.04090193683359496 0.005498799954286219 0.3608109754194636
 12 0.046653516101032626 0.005751579267437666 0.3469051391093822
 13 0.052770431946320355 0.006116915845287731 0.3706137690208543
 14 0.05926138808707113 0.006490956140750778 0.4039276602296928
 15 0.06606251902751359 0.006801130940442453 0.6293281944288258
 16 0.07288110620228248 0.006818587174768898 0.5675527142858954
 17 0.07952617864620387 0.006645072443921392 0.6347257308616077
 18 0.08599754547094739 0.006471366824743515 0.487723617484904
 19 0.09237985382930783 0.006382308358360438 0.4526113213991814
 20 0.09885422712720698 0.00647437329789916 0.4723937865680983
 21 0.10543949458684511 0.006585267459638124 0.5702013746119122
 22 0.11200987793757228 0.006570383350727173 0.41733167743582483
 23 0.1186334644966848 0.006623586559112523 0.43006647975124873
 24 0.1254694684867193 0.006836003990034501 0.2998612673683542
 25 0.13272164340194084 0.007252174915221528 0.4474565558702149
 26 0.1403899745113449 0.007668331109404077 0.3197351541915741
 27 0.1484551280955117 0.008065153584166792 0.32711154638468787
 28 0.15716176102060705 0.008706632925095341 0.39524610200290655
 29 0.16639648648916722 0.009234725468560153 0.5354138395589781
 30 0.17579744947908613 0.00940096298991892 0.35274299979354734
 31 0.18545879442674315 0.009661344947657037 0.2566738680441289
 32 0.19601447598633 0.010555681559586865 0.3754137447037655
 33 0.20748768937147966 0.011473213385149636 0.6396111290974646
 34 0.21904511751059405 0.011557428139114402 0.5748579203097758
 35 0.23028126119352726 0.01123614368293322 0.7768492975231077
 36 0.24102958148537484 0.010748320291847569 0.2987525234456055
 37 0.25188754034428756 0.01085795885891273 0.49437639767127806
 38 0.2632771373663519 0.011389597022064345 0.5746753047725847
 40 0.2685343913115244 0.005257253945172519 0.6221650715658524
 41 0.2737916452566969 0.005257253945172519 0.3831232030585419
 42 0.2790907225905782 0.005299077333881307 0.17158262234611882
 43 0.2850364124261826 0.005945689835604369 0.07481302590099749
 44 0.2926699654412685 0.0076335530150859155 0.20312476065398585
 45 0.3023360445668366 0.009666079125568099 0.5331173120067235
 47 0.30848530619107734 0.006149261624240747 0.4849510161583899
 48 0.31463456781531807 0.006149261624240747 0.37188276579112434
 49 0.3209784950176934 0.006343927202375317 0.1275141342955693
 50 0.3282920268175774 0.007313531799884014 0.16894728915605403
 51 0.3372911697234996 0.008999142905922169 0.20731978702899673
 53 0.3440142978468077 0.006723128123308112 0.49369058515489445
 55 0.34916223817426684 0.005147940327459131 0.6226842829770793
 56 0.35431017850172597 0.005147940327459131 0.11652205730947401
 57 0.3600391326849633 0.005728954183237297 0.05085703546456216
 58 0.367871580994938 0.007832448309974713 0.15580277723336033
 59 0.37833080141464365 0.010459220419705656 0.31437816429406434
 61 0.386453143496191 0.00812234208154735 0.5090197780721216
 63 0.3912918774554334 0.0048387339592424645 0.5567306608977064
 64 0.39613061141467587 0.0048387339592424645 0.4270983951925017
 65 0.4010088416686178 0.004878230253941888 0.057029811509529654
 66 0.40695101338699824 0.0059421717183804484 0.05259266876615072
 67 0.41553138499690756 0.008580371609909317 0.11180040113519342
 68 0.4272696047707714 0.011738219773863873 0.5409304146545476
 70 0.4341414548735076 0.006871850102736186 0.5443354936043185
 71 0.44101330497624375 0.006871850102736186 0.9837883775381709
 72 0.44748814017413613 0.006474835197892365 0.5266396989715237
 73 0.45360570916620313 0.006117568992066994 0.4676324912201523
 74 0.45975519787247593 0.00614948870627282 0.2343107303411864
 75 0.46636814193990717 0.006612944067431255 0.1285461801865058
 76 0.47428349708845363 0.007915355148546488 0.12581642645045604
 77 0.48425533979660257 0.009971842708148925 0.932834635863363
 79 0.4904003516679452 0.006145011871342636 0.664554234821768
 80 0.49654536353928785 0.006145011871342636 0.3193077532348703
 81 0.5027995745386036 0.006254210999315738 0.32529648688742197
 82 0.5095551059731578 0.006755531434554213 0.15435379211100095
 83 0.5173063294049626 0.007751223431804829 0.22732585681453038
 84 0.5264678257385154 0.009161496333552774 0.31786069962470637
 87 0.5310325523442936 0.004564726605778221 0.5500667905043369
 88 0.5355972789500718 0.004564726605778221 0.1618026895750524
 89 0.5405916644407188 0.004994385490646965 0.056578652307589475
 90 0.5471831824488852 0.0065915180081664295 0.038917902276347366
 91 0.5569377134555642 0.009754531006678956 0.1407848666327451
 92 0.5703585089079849 0.013420795452420706 0.5465874445221947
 94 0.5753414319828358 0.00498292307485094 0.9894635685152819
 95 0.5803243550576868 0.00498292307485094 0.32615711104096756
 96 0.5852216975188702 0.004897342461183406 0.17594227084592476
 97 0.5907789595753167 0.005557262056446462 0.06052149666917533
 98 0.5980235789584508 0.007244619383134181 0.05392132783445711
 99 0.6084144798651131 0.010390900906662233 0.14927366225212924
 101 0.6172704300891352 0.008855950224022024 0.43104744645047527
 103 0.6232772919650522 0.0060068618759169835 0.7892415087630087
 104 0.6292841538409693 0.0060068618759169835 0.20993651542370298
 105 0.635525080602591 0.006240926761621828 0.12216009399519309
 106 0.6430949201728902 0.00756983957029915 0.06631313041335533
 107 0.6531853236347361 0.010090403461845934 0.1624211877668838
 109 0.6625064373514444 0.009321113716708249 0.5063644805331452
 111 0.6674643372971906 0.004957899945746116 0.7126207077886975
 112 0.6724222372429367 0.004957899945746116 0.31812067981120695
 113 0.6774405203527369 0.005018283109800292 0.11654150413051502
 114 0.6833448999598246 0.005904379607087644 0.09282543256641043
 115 0.6910321086525035 0.007687208692678868 0.10920840221413239
 116 0.7010936591980393 0.010061550545535779 0.14546653636084636
 117 0.7137879323743472 0.012694273176307926 0.8590898478166665
 120 0.7170259620542354 0.0032380296798881617 0.6726197012744956
 121 0.7202639917341236 0.0032380296798881617 0.23684542329773134
 122 0.7236392237234693 0.003375231989345745 0.14195817091318177
 123 0.727642655907812 0.0040034321843426535 0.16796220918164226
 124 0.7325278091787739 0.004885153270961925 0.08527199971358009
 125 0.738743786156711 0.006215976977937101 0.18135290088923386
 126 0.7466035725783011 0.007859786421590144 0.34292646961000156
 127 0.7554631381805637 0.00885956560226251 0.44340049927755404
 128 0.7647340160827862 0.009270877902222575 0.7536390937902255
 129 0.7738192514966656 0.009085235413879358 0.9319046600889844
 131 0.7792186322897614 0.005399380793095719 0.9692720497920969
 132 0.7846180130828572 0.005399380793095719 0.3983057495268776
 133 0.789846005603745 0.005227992520887753 0.26397220147181655
 134 0.7954873437674452 0.005641338163700263 0.48174496890102025
 135 0.8014791028406468 0.005991759073201613 0.2629096676058714
 136 0.8078451870873875 0.006366084246740692 0.29169734799188096
 137 0.8148972287647335 0.007052041677345972 0.28831446811284944
 138 0.822649477449865 0.007752248685131527 0.18920325258283888
 139 0.8314833949045095 0.008833917454644423 0.21871554591244194
 140 0.8417830375256419 0.010299642621132397 0.38624023590966194
 142 0.8503238329812356 0.008540795455593756 0.5221534666442195
 143 0.8588646284368293 0.008540795455593756 0.46057389265998566
 144 0.8674670062138594 0.0086023777770301 0.526082225386464
 145 0.876125999747792 0.008658993533932645 0.8445677592900226
 147 0.8808975325760313 0.004771532828239241 0.5014641583992684
 148 0.8856690654042706 0.004771532828239241 0.3237812077311186
 149 0.8906349078095651 0.004965842405294478 0.15400944325853813
 150 0.8963359226909887 0.0057010148814236475 0.08020821669415741
 151 0.9036783705499366 0.007342447858947845 0.08281486606433476
 152 0.9136244925743029 0.009946122024366249 0.24474852463452088
 154 0.9226756545911743 0.009051162016871412 0.5414816857736885
 156 0.929885478436049 0.007209823844874623 0.756763444375713
 157 0.9370953022809236 0.007209823844874623 0.7293586885959583
 158 0.9438715028513635 0.006776200570439847 0.47386426142727184
 159 0.9504933948022535 0.006621891950890007 0.2928657179496286
 160 0.9574756332565739 0.006982238454320455 0.1718538782908126
 161 0.9654854010381514 0.00800976778157744 0.12203421726804072
 162 0.9753630618255241 0.009877660787372749 0.2893625211600391
 164 0.9812015758327972 0.005838514007273137 0.9261122664938185
 165 0.9870400898400703 0.005838514007273137 0.35745100011203085
 166 0.9927661719418616 0.005726082101791213 0.050302382090918314
 167 0.9963830859709308 0.003616914029069218 0.007061486796511774
 168 1.0 0.0036169140290691626 0.015841803909641218
