 0 1.0 1.0 5350471.5723683555
 1 0.07636729863461544 0.07636729863461544 2713.4821807225585
 2 0.009096410096339654 0.009096410096339654 9.13015954352222
 39 0.2745906293697658 0.011313492003413915 5.56178868137009
 46 0.3127407915118108 0.010404746944974183 2.554707343862684
 52 0.34792920221358703 0.010638032490087419 2.06942035179667
 54 0.3507374259701158 0.006723128123308112 1.1452983500984146
 60 0.3903562904709015 0.012025489056257853 1.6830663129473131
 62 0.3945754855777383 0.00812234208154735 2.491254709689512
 69 0.4405316845445026 0.013262079773731172 3.891400851671793
 78 0.49491755249325625 0.010662212696653687 2.766391570073995
 85 0.5366668117224284 0.010198985983912986 2.5293242181742523
 86 0.5325145639271579 0.006046738188642519 1.1959724499642495
 93 0.5852212201822852 0.014862711274300295 17.244133814254994
 100 0.6222725033846693 0.01385802351955622 1.9988900146302637
 102 0.6261263803131571 0.008855950224022024 1.6612285925684904
 108 0.6663272307478975 0.013141907113161364 1.4475753147674508
 110 0.6718275510681527 0.009321113716708249 3.575723045459702
 118 0.7272903202078598 0.01350238783351251 17.437667900163177
 119 0.7183009185172345 0.004512986142887302 1.3972156044502222
 130 0.7821885522359692 0.008369300739303493 1.9406365175274762
 141 0.853101145816983 0.011318108291341212 1.1973941123183394
 146 0.8844125685585309 0.008286568810738878 2.774333981491684
 153 0.9259245308568302 0.012300038282527315 1.293055907999464
 155 0.9317268166080457 0.009051162016871412 1.0156916879671936
 163 0.9870317556480348 0.011668693822510645 4.360023699894459
