 2 0.07389334642647223 0.07389334642647223 0.5300730722457748
 4 0.11572263643678687 0.04182929001031464 0.38334464523447415
 7 0.12072974839690784 0.0050071119601209696 0.5634254948907563
 8 0.12544102900650375 0.004711280609595906 0.11415493615687858
 9 0.13218175762645817 0.0067407286199544295 0.2207734643242024
 10 0.1388967500989768 0.006714992472518642 0.0599855997073988
 11 0.14873867261684523 0.009841922517868426 0.13016311455240448
 12 0.15891750470980265 0.010178832092957429 0.42586235626401203
 14 0.1651604084177506 0.006242903707947938 0.4947751547888431
 15 0.17130068390977032 0.0061402754920197285 0.22706828833565565
 16 0.17868563781469082 0.007384953904920488 0.203553819883049
 17 0.18690220952336523 0.008216571708674396 0.31185293372722583
 18 0.19505901176101167 0.008156802237646456 0.7434156188327985
 20 0.2000482087008934 0.0049891969398817276 0.49781250895270207
 21 0.20503740564077513 0.0049891969398817276 0.17491090450677746
 22 0.21141458350418793 0.006377177863412802 0.11572205068174979
 23 0.21922718264919672 0.007812599145008791 0.24910257612064246
 24 0.22680755867226735 0.00758037602307064 0.2633193134027829
 25 0.23484925833230075 0.008041699660033416 0.3188693879259601
 26 0.24306845110374273 0.008219192771441982 0.8268720814198435
 28 0.24817236054515357 0.005103909441410849 0.5583558908380565
 29 0.25327626998656444 0.005103909441410849 0.22675225598888912
 30 0.25951546752212623 0.006239197535561809 0.1540364572338841
 31 0.26691977678784823 0.007404309265721992 0.18787626471863186
 32 0.27489071592579095 0.007970939137942749 0.39608656357037814
 33 0.2822949883906879 0.007404272464896935 0.7341233851901044
 34 0.2888739663718869 0.006578977981198982 0.9374481179322092
 35 0.294868583774351 0.005994617402464124 0.6854006223327316
 36 0.3009391282285112 0.006070544454160218 0.3547438236623408
 37 0.3078133912919546 0.006874263063443413 0.5042807644397559
 38 0.31438272819462554 0.006569336902670908 0.5352277552378458
 39 0.32087125206444816 0.006488523869822644 0.30833650275585056
 40 0.3282169276860743 0.007345675621626121 0.33459673448649413
 41 0.33579873088208945 0.007581803196015121 0.6542285481208129
 42 0.3425650017511107 0.006766270869021279 0.7297196183816456
 43 0.3490013813024002 0.006436379551289503 0.7241774327354576
 44 0.3552247706431641 0.006223389340763906 0.3528487422261174
 45 0.3623326191941147 0.007107848550950574 0.3208993713712819
 46 0.3698751385480337 0.007542519353919043 0.5526034590028938
 47 0.3768373515472483 0.006962212999214589 0.7116734177634596
 48 0.38335074993811186 0.006513398390863569 0.6738255560853808
 49 0.38973404060338823 0.006383290665276356 0.33975808551759934
 50 0.39701880486882396 0.007284764265435742 0.46601541240900257
 51 0.4040690841454327 0.007050279276608713 0.6548054604285523
 52 0.4106432266389829 0.0065741424935502005 0.7522547456713145
 53 0.41685338155878326 0.006210154919800355 0.41537867870191614
 54 0.42371673390651565 0.006863352347732367 0.3353735605971977
 55 0.4310836513338039 0.007366917427288258 0.4286306502568007
 56 0.43834132341959137 0.007257672085787497 0.6793360267508706
 57 0.44497682831266316 0.006635504893071788 0.7072040164816454
 58 0.45136711563309756 0.0063902873204344105 0.3675028951901305
 59 0.4585741853022497 0.007207069669152161 0.17385205564883618
 60 0.4674386445773695 0.008864459275119809 0.76591558656256
 62 0.47235304822633994 0.004914403648970446 0.5217072754700717
 63 0.4772674518753104 0.004914403648970446 0.125469631983666
 64 0.4840834634159137 0.006816011540603294 0.1915711501491832
 65 0.49119095013588054 0.007107486719966862 0.19159581002864245
 66 0.49903176012132483 0.007840809985444291 0.23438432518394126
 67 0.5072848719042778 0.008253111782953015 0.17251801071623493
 68 0.5168673224599407 0.009582450555662902 0.40765686376221066
 70 0.5220083957963252 0.005141073336384429 0.4214900693567649
 71 0.5271494691327097 0.005141073336384429 0.22660030635255562
 72 0.5332059135381014 0.0060564444053918115 0.04656880771166694
 73 0.5426221281964351 0.009416214658333689 0.16010318911402824
 74 0.5515935244319811 0.00897139623554603 0.5381944859453182
 75 0.5591905210129001 0.007596996580919063 0.7885655698284827
 76 0.5661055518746905 0.006915030861790308 0.5143100092100374
 77 0.5734226734774611 0.007317121602770662 0.48605640675585376
 78 0.5808335623368115 0.00741088885935034 0.803009757887631
 79 0.5874603337633757 0.006626771426564201 0.6669334252642074
 80 0.5940759837101532 0.006615649946777516 0.36573403939446847
 81 0.601487645120378 0.007411661410224809 0.23628020423922505
 82 0.6099736208117649 0.008485975691386921 0.28929361134983417
 83 0.6187188734340867 0.00874525262232181 0.48385119275939775
 85 0.6244131462473923 0.005694272813305557 0.46115664918697535
 86 0.6301074190606979 0.005694272813305557 0.22703022121061758
 87 0.6368928551599503 0.006785436099252402 0.11604355946395052
 88 0.6454900552809456 0.008597200120995309 0.1293548119538101
 89 0.6552118359067166 0.009721780625771018 0.45878297860508965
 91 0.6615966210173405 0.006384785110623918 0.4955221469131539
 92 0.6679368685950196 0.006340247577678997 0.35349839708565833
 93 0.6748191174793478 0.006882248884328192 0.20800067990861246
 94 0.6828988639067504 0.008079746427402645 0.14119586243046156
 95 0.6925714463207843 0.009672582414033855 0.311429088180105
 97 0.6994391603121187 0.006867713991334463 0.5136575907590768
 98 0.7058617044684331 0.00642254415631435 0.28707904157341435
 99 0.7132140761197708 0.007352371651337718 0.26679299662066897
 100 0.7211384469951949 0.007924370875424133 0.2840002268454831
 101 0.7294740280083072 0.008335581013112284 0.3699853344163223
 102 0.7377864767375376 0.00831244872923043 0.6127252427644008
 103 0.7454202635128669 0.007633786775329355 0.9084366060185918
 104 0.7522606259147308 0.006840362401863771 0.6538082948265499
 105 0.7592350233338441 0.006974397419113349 0.45058963813299024
 106 0.766658415221772 0.0074233918879279175 0.5876474162333686
 107 0.7737255572517477 0.0070671420299757174 0.5144667280286553
 108 0.7809156777810482 0.0071901205293004805 0.46907674662394044
 109 0.7882589036351204 0.007343225854072234 0.35494732244389676
 110 0.7961643499776857 0.007905446342565261 0.5171606297320456
 111 0.8036754008481768 0.007511050870491039 0.6274806943761375
 112 0.8108479655872038 0.007172564739027104 0.5600691514630297
 113 0.818064994767519 0.0072170291803151584 0.35439577146928897
 114 0.826022949595476 0.007957954827956951 0.348493080640989
 115 0.8343115106480286 0.008288561052552615 0.7188544384457836
 117 0.8399429176126242 0.0056314069645956085 0.5268503817051332
 118 0.8455743245772198 0.0056314069645956085 0.2505861217103618
 119 0.8522498230996631 0.006675498522443304 0.07684492651236711
 120 0.8616580288719071 0.00940820577224394 0.0695685456044083
 121 0.8732876462704802 0.011629617398573076 0.451258937879933
 123 0.8781840480550075 0.004896401784527287 0.41863992194065053
 124 0.8830804498395348 0.004896401784527287 0.2629488783717092
 125 0.8886479987432517 0.0055675489037169115 0.10867481359992753
 126 0.8959477025722509 0.007299703828999112 0.10515261751661441
 127 0.9045336699782988 0.008585967406047878 0.10798655826312886
 128 0.9145268124208911 0.009993142442592312 0.35622110072329516
 130 0.9209558720070065 0.006429059586115406 0.5000249912942156
 131 0.927115319912823 0.006159447905816577 0.310062727846005
 132 0.9340167575809842 0.006901437668161193 0.16494416898593608
 133 0.9424185974544859 0.008401839873501583 0.13613729555778412
 134 0.9522556238890312 0.00983702643454529 0.4712340204686969
 136 0.9584417497217809 0.006186125832749715 0.5176986602494422
 137 0.9645440383588979 0.00610228863711706 0.19728268009879013
 138 0.972170482839013 0.00762644448011506 0.1030853784155601
 139 0.9819181654048048 0.009747682565791869 0.36395314887559066
 141 0.9882026293447298 0.0062844639399249665 0.5002486694032593
 142 0.994101314672365 0.0058986853276351 0.17502833431958986
 143 1.0 0.005898685327635045 0.03894499445697703
