 3 0.003650488225247812 0.003650488225247812 0.45468781473834136
 4 0.007300976450495624 0.003650488225247812 0.3298508201485514
 5 0.011282117917976231 0.003981141467480606 0.34894630937943943
 6 0.015387928051078612 0.00410581013310238 0.3554443354025945
 7 0.01963587269596618 0.004247944644887569 0.20302174092657302
 8 0.02465465695506769 0.005018784259101509 0.3995734614155027
 9 0.029355421332945865 0.004700764377878178 0.41461092389177273
 10 0.034132826081014374 0.004777404748068508 0.2695084727203682
 11 0.039527126284935314 0.005394300203920942 0.31808444522541957
 12 0.045060770791822795 0.005533644506887483 0.32966857476174327
 13 0.05081592434111438 0.005755153549291585 0.37210821291053203
 14 0.056662540942870876 0.005846616601756496 0.27065389174133325
 15 0.06316351593023643 0.006500974987365563 0.5193112897145142
 16 0.06911535836335297 0.005951842433116542 0.3443829829048843
 17 0.07565610208559836 0.0065407437222453875 0.6013338372543858
 18 0.08163184067112998 0.005975738585531619 0.42696575047812646
 19 0.08800125134367796 0.006369410672547988 0.5369631435478116
 20 0.09414961917615086 0.006148367832472893 0.4075186949887993
 21 0.10067546960358027 0.006525850427429409 0.4924073674139764
 22 0.1070636190957368 0.006388149492156531 0.565762288080663
 23 0.11327228417465358 0.006208665078916778 0.3153749641100721
 24 0.12031606196357315 0.007043777788919567 0.5777410120974534
 25 0.1267360289664993 0.006419967002926139 0.2906861447286887
 26 0.1341793225813285 0.007443293614829203 0.5403438432047203
 27 0.14099563227948855 0.0068163096981600545 0.24157342272421
 28 0.14917174930378152 0.008176117024292965 0.30892649941926154
 29 0.15749412991436526 0.008322380610583728 0.35959653410643544
 30 0.16594299127454284 0.008448861360177577 0.4349464142770888
 31 0.17431569255318258 0.008372701278639741 0.24005620670929537
 32 0.18408878972339734 0.009773097170214767 0.26113403904371246
 33 0.1944257508804164 0.010336961157019047 0.4100261430060745
 34 0.2043778400341599 0.009952089153743522 0.37500729647239567
 35 0.21476756165125788 0.010389721617097978 0.5755050488151356
 36 0.2244667663191932 0.009699204667935337 0.6237502795962214
 37 0.23387485721525317 0.009408090896059958 0.2952070788637165
 38 0.2448545139223704 0.010979656707117223 0.30222616288494797
 39 0.2563921629817107 0.011537649059340299 0.7479611380841453
 40 0.2662394623497041 0.0098472993679934 0.25260577406853574
 42 0.2745593139959296 0.008319851646225535 0.47164066536400995
 44 0.28035315804343186 0.005793844047502298 0.6563563043379335
 45 0.2857613755027104 0.005408217459278541 0.1149869646198806
 46 0.293638611404893 0.007877235902182584 0.2349566476369188
 47 0.3013800863444214 0.007741474939528409 0.28005818828920687
 49 0.3075298987127419 0.0061498123683204516 0.5055416068687077
 50 0.3132214180240132 0.0056915193112713446 0.4005948646307052
 51 0.3192380275527074 0.0060166095286941996 0.07262303556859348
 52 0.3283522422626292 0.009114214709921799 0.24160019017533957
 53 0.33672280959123835 0.00837056732860916 0.16274024307843882
 55 0.34363051481177226 0.006907705220533913 0.4439037166942485
 56 0.34976085069099205 0.0061303358792197775 0.7905328983068769
 57 0.35519662260065726 0.005435771909665229 0.21332821897528978
 58 0.36224991823693964 0.007053295636282362 0.08256265940751674
 59 0.37183001939733373 0.009580101160394103 0.2354584397360767
 60 0.380833904999765 0.009003885602431266 0.8232813540780237
 62 0.38610393450781905 0.005270029508054034 0.6605779130427184
 63 0.3913739640158731 0.005270029508054034 0.34326091253127616
 64 0.39735814585991225 0.005984181844039144 0.12833644762632673
 65 0.40517908817861203 0.007820942318699764 0.1175238196663705
 66 0.4143436771111333 0.009164588932521273 0.2594440512980417
 68 0.42135439156389554 0.007010714452762232 0.5324230885266636
 69 0.4276999426861226 0.006345551122227041 0.43891804775130205
 70 0.43431202955586073 0.00661208686973814 0.1993992156502076
 71 0.4423781425066903 0.00806611295082953 0.5493717478556652
 73 0.44760583941655824 0.005227696909867948 0.5191055312054368
 74 0.4528335363264262 0.005227696909867948 0.10099405829295774
 75 0.4604405553644374 0.007607019038011217 0.15258014021609587
 76 0.46856675146033183 0.008126196095894446 0.24123722775331322
 77 0.47680895967884973 0.008242208218517922 0.2960461875253118
 78 0.4852808147254598 0.008471855046610074 0.811572400115949
 79 0.49235655005951895 0.007075735334059165 0.894054622506195
 81 0.4960524117152027 0.003695861655683756 0.5884494623283921
 82 0.49974827337088645 0.003695861655683756 0.2014943679390566
 83 0.5044228376545506 0.004674564283664158 0.07741373286254033
 84 0.5108178880024654 0.006395050347914715 0.1283496236209804
 85 0.5176828990173986 0.006865011014933248 0.08458653921805649
 86 0.5263615581751658 0.008678659157767258 0.11994943521247975
 87 0.5359382865151536 0.009576728339987744 0.39104539055516413
 89 0.5424786560366748 0.006540369521521196 0.4903442019121059
 90 0.5488521358067788 0.006373479770104068 0.2243508527579557
 91 0.5565297954856938 0.007677659678914957 0.3524537530982033
 92 0.5640337376835383 0.007503942197844436 0.2664328167551219
 93 0.5723478993566717 0.00831416167313343 0.44889690980647007
 95 0.5782887589685569 0.005940859611885215 0.4929396890339966
 96 0.5841782438047898 0.005889484836232883 0.2985884631748551
 97 0.5908226895476308 0.006644445742841035 0.13553266269342212
 98 0.599243794153402 0.008421104605771165 0.21579884524175777
 99 0.6078727172069186 0.008628923053516556 0.4059520801461744
 100 0.6159908100154504 0.008118092808531872 0.9064749879041251
 102 0.6207754236512147 0.004784613635764352 0.8374125869893566
 103 0.6253787399159966 0.004603316264781802 0.1754197249409661
 104 0.6316706432360134 0.0062919033200168764 0.17309670642796346
 105 0.6386949087057623 0.007024265469748902 0.053585513631321205
 106 0.6489303182627516 0.01023540955698933 0.248266519135014
 107 0.657901210239684 0.008970891976932332 0.7178285645270536
 108 0.6654323191071783 0.00753110886749429 0.8813471451283375
 110 0.6700730500531645 0.004640730945986269 0.6080814739480457
 111 0.6747137809991508 0.004640730945986269 0.8678698338808919
 112 0.6789123714296349 0.004198590430484139 0.15149363925776987
 113 0.6848711518036349 0.00595878037399997 0.08942601767510534
 114 0.6924720364186561 0.007600884615021223 0.1071271269429997
 115 0.7011467178493911 0.008674681430735052 0.14471532957553027
 116 0.7106023265243413 0.009455608674950246 0.37309972032060607
 119 0.7148104928334557 0.004208166309114386 0.5989495719156206
 120 0.7186999516202077 0.00388945878675201 0.04647758879453665
 121 0.7255070051116853 0.006807053491477582 0.126742631281443
 122 0.7323540524370633 0.0068470473253780485 0.07455520668393009
 123 0.741249273639517 0.008895221202453707 0.11121025533218437
 124 0.7510730026420807 0.009823729002563687 0.4066228054446161
 126 0.7562944402824862 0.005221437640405546 0.5099686671126976
 127 0.7613625979552775 0.00506815767279134 0.2267851296893097
 128 0.7674842594458302 0.006121661490552655 0.07333782335702996
 129 0.7760919343104683 0.008607674864638074 0.12683527153979618
 130 0.7852912651968237 0.009199330886355368 0.1921704526539656
 132 0.7923979692180709 0.0071067040212472714 0.5870766194326811
 133 0.7984402563083289 0.006042287090257992 0.430609608523774
 134 0.8048473431348341 0.00640708682650519 0.13751239936423965
 135 0.8133372907351634 0.008489947600329329 0.189055307860577
 136 0.8223267427722244 0.008989452037061064 0.21455181096883227
 138 0.8291820953860473 0.006855352613822895 0.5912210934714833
 139 0.8350868027865004 0.005904707400453078 0.2010751674722128
 140 0.8425633155674251 0.00747651278092474 0.10866307919725446
 141 0.8520281608048608 0.009464845237435583 0.35371036691499774
 142 0.8604206939289416 0.008392533124080805 0.4469490660641206
 143 0.8686667525870013 0.008246058658059673 0.9968472104916275
 145 0.8741034267762972 0.005436674189295884 0.6803615676618168
 146 0.879540100965593 0.005436674189295884 0.17993125846498223
 147 0.8867319105645268 0.0071918095989338135 0.14088464419290708
 148 0.895182343662147 0.008450433097620206 0.2617130021053011
 149 0.9035030848715575 0.008320741209410487 0.28961181140513736
 151 0.9101944714517457 0.006691386580188202 0.47327999347981264
 152 0.9165112809477579 0.0063168094960121685 0.5843595902782935
 153 0.922572374538255 0.006061093590497122 0.21465473338889776
 154 0.9301209325783656 0.007548558040110551 0.19908288716500197
 155 0.9385001792122946 0.008379246633929019 0.3376550024828952
 156 0.9466414762964367 0.008141297084142098 0.2786964131318677
 157 0.9555170274161542 0.008875551119717514 0.4668029565252055
 159 0.9620462488114299 0.006529221395275729 0.4784314431685863
 160 0.9685754702067055 0.006529221395275729 0.27045927163002553
 161 0.9760830701575219 0.007507599950816455 0.17646779684287203
 162 0.9849202793470686 0.008837209189546724 0.2955384800503233
 163 0.9924601396735343 0.007539860326465697 0.3081839477161747
 164 1.0 0.007539860326465697 0.49959381895041455
