 0 1.0 1.0 1357.7869250073772
 1 0.131332004146274 0.131332004146274 2.9862669351094553
 3 0.14693716404747928 0.07304381762100705 2.8231770273637515
 5 0.15755192644710153 0.04182929001031464 146.802563614291
 6 0.12399051268863312 0.008267876251846244 2.3654281746544537
 13 0.17719072437699418 0.01537901273332978 24.482665776717777
 21 0.21962525649073514 0.010073945460684785 4.370881423896334
 29 0.26754915810706004 0.009870155111349843 3.3160646938046763
 36 0.30685202134760514 0.009135162362727092 2.4796757265749703
 43 0.34797051877695195 0.010062171431342349 5.030730182272124
 49 0.3783237888511474 0.01021116723283399 1.1553827569737205
 52 0.39117073466779245 0.007465542879319468 1.2158411099464963
 59 0.4365349405536549 0.01044173697352669 5.832061252976657
 66 0.4759627516840793 0.012401843472326203 3.6533834340812175
 72 0.5083140025822538 0.009135906023299136 2.4701286073448907
 78 0.548007609541171 0.012403112929631751 4.735029915532366
 84 0.5803631603477454 0.01043247997741018 1.8617687546561874
 90 0.6184787565925984 0.01068231963378976 3.044252335695594
 96 0.655797984927477 0.011600213297425119 3.436143406506344
 102 0.691486425426657 0.011031541831848459 2.4438729378836204
 108 0.7315787451426676 0.011669912963028653 5.777990351990859
 114 0.7671389201993078 0.012788417507451142 1.926095968162355
 116 0.7708910720845368 0.008270284696340072 1.0894562840324604
 122 0.8098237741798118 0.010393846810200651 1.6854447665884313
 127 0.8372073165103813 0.00847871834076864 1.142344288594754
 133 0.8818233848817107 0.013797976023597018 5.974549141817531
 139 0.9164396335588358 0.011929143862456134 2.0745925691799925
 148 0.9754701934405643 0.011271314239611405 1.3383192908111188
 150 0.9806018129289448 0.008201466863995912 1.1448088277787611
