 1 0.6963558490223316 0.6963558490223316 0.6141339986984912
 4 0.7150910961592654 0.018735247136933707 0.2292898794391094
 6 0.7213308954546916 0.006239799295426292 0.6192973217544674
 7 0.7266948996306153 0.005364004175923639 0.2115515630919008
 8 0.7334490206888723 0.006754121058257042 0.13433476953988077
 9 0.741646527223644 0.008197506534771734 0.1974767393059818
 10 0.7502118495015476 0.00856532227790365 0.5409000396057625
 12 0.7559467734998389 0.005734923998291218 0.5189553259426577
 13 0.7616816974981301 0.005734923998291218 0.2114912679371511
 14 0.7687374384499855 0.007055740951855506 0.1994914784776244
 15 0.7765504622580827 0.007813023808097078 0.36473190611466627
 16 0.7840082910726497 0.007457828814567057 0.6019365013419057
 17 0.7908725541394805 0.006864263066830844 0.7388628904760214
 18 0.7973113595033507 0.006438805363870212 0.6914133013743196
 19 0.8036151583188015 0.006303798815450746 0.5381761832711779
 20 0.8101006735611407 0.0064855152423391755 0.43325787745522376
 21 0.8168888072618796 0.006788133700738986 0.4464559574138467
 22 0.8237430876754351 0.006854280413555501 0.5230522562336491
 23 0.8304398663255967 0.0066967786501616385 0.5798157177107376
 24 0.8369636356369915 0.006523769311394718 0.5388915778040371
 25 0.8435177486652368 0.006554113028245294 0.4902505628401047
 26 0.8501839236189269 0.006666174953690142 0.5140151949989775
 27 0.8568055560795299 0.006621632460603017 0.5196368036512653
 28 0.8634078099306818 0.006602253851151897 0.4359334628244637
 29 0.8702760512316142 0.006868241300932463 0.3793413302103882
 30 0.8774857528763436 0.0072097016447293764 0.42743496384633
 31 0.8847108767938218 0.0072251239174781585 0.6455227654420925
 32 0.8913931702214022 0.006682293427580445 0.8116676674107147
 33 0.8975828495679611 0.006189679346558881 0.5306512748501289
 34 0.9041099135657683 0.006527063997807272 0.2818839265944914
 35 0.9116461337539803 0.0075362201882120125 0.24221587226973207
 36 0.9199333767583922 0.008287243004411906 0.6064258427488137
 38 0.9254988264627031 0.0055654497043109985 0.5030572897233337
 39 0.931064276167014 0.0055654497043109985 0.1522698546525724
 40 0.938417038663527 0.007352762496513007 0.11540386777538784
 41 0.9472672372087773 0.008850198545250217 0.3607328963661847
 42 0.9551416944793233 0.007874457270546071 0.8052840156701085
 43 0.9619051638988354 0.0067634694195121406 0.6235084258698563
 44 0.9687667800407497 0.00686161614191424 0.45139939781661004
 45 0.9760210728201818 0.007254292779432176 0.48760296325850166
 46 0.9832362677081271 0.0072151948879453 0.7828147970211559
 47 0.9897291449867961 0.006492877278668937 0.6175078781113861
 48 0.994864572493398 0.005135427506601953 0.17589945160575682
 49 1.0 0.005135427506602008 0.06584522266180298
