 4 0.0039229499147384285 0.0039229499147384285 0.6761139955217574
 5 0.007845899829476857 0.0039229499147384285 0.40932776650226593
 6 0.012597956887552029 0.004752057058075172 0.522174510708984
 7 0.017908427138305753 0.005310470250753726 0.4650627369743394
 8 0.024075426304214366 0.0061669991659086135 0.6683423759328743
 9 0.03042360546048186 0.006348179156267496 0.8831655673834015
 10 0.03637867457596719 0.005955069115485331 0.5819996480263699
 11 0.04279775055435717 0.006419075978389973 0.5546563133611625
 12 0.04982866372525178 0.007030913170894612 0.6911046333031876
 13 0.056985802477715425 0.007157138752463651 0.4931826706983482
 15 0.0642082058318986 0.007222403354183176 0.7293063333784837
 16 0.07142959782640225 0.0072213919945036545 0.610030651858882
 18 0.07822938516143121 0.006799787335028963 0.8298367318211691
 19 0.08474181624640566 0.006512431084974438 0.5088139048880778
 20 0.09208244377258257 0.007340627526176916 0.6874550464089719
 21 0.0995680559409982 0.007485612168415636 0.7288416194155991
 22 0.10705421028928351 0.007486154348285316 0.8628815899500245
 23 0.11413133961045543 0.007077129321171924 0.4343563246081192
 24 0.12253783521331187 0.008406495602856437 0.7732747570702174
 25 0.1307807313427145 0.008242896129402644 0.7114583343719197
 26 0.13909082324647581 0.008310091903761299 0.39852539562664296
 27 0.14924638237662938 0.010155559130153573 0.5862391782452282
 28 0.1601668276847064 0.010920445308077018 0.8160476418943612
 29 0.17068433705080682 0.01051750936610045 0.5974831332663199
 30 0.1819226888883746 0.011238351837567783 0.407497916746516
 31 0.19555637396825706 0.013633685079882467 0.8425767694889976
 32 0.20854779263668183 0.012991418668424756 0.8773191161760786
 33 0.22076170535654263 0.012213912719860793 0.7206290669481741
 36 0.2257191194140312 0.004957414057488553 0.7357949775502308
 37 0.23066122589237048 0.0049421064783392865 0.16093070606158144
 38 0.23872986945007882 0.00806864355770835 0.17212141082511132
 40 0.24677023025718625 0.008040360807107419 0.7933173859664535
 43 0.25134540109910275 0.004575170841916479 0.9317405114071784
 44 0.25556143253960556 0.004216031440502807 0.05942335322315959
 45 0.26465626146585464 0.009094828926249089 0.3135174925019969
 47 0.2725839127668722 0.007927651301017564 0.804329171728489
 51 0.27665324011336323 0.004069327346491026 0.7493021515453044
 52 0.28068547823142503 0.004032238118061792 0.144071016145867
 53 0.28749297389446365 0.006807495663038644 0.1545825341161605
 54 0.29874405963222506 0.011251085737761419 0.7320951259608122
 56 0.3041235438559501 0.005379484223725049 0.843982588950596
 57 0.3092467609707588 0.005123217114808735 0.49348474467654635
 58 0.31508043883988196 0.0058336778691231396 0.3457494906685472
 59 0.32255013939657606 0.007469700556694111 0.22636259035478204
 60 0.333515793593867 0.010965654197290968 0.42453322450015146
 62 0.3400999673974097 0.006584173803542711 0.6620249100828315
 63 0.3466841412009524 0.006584173803542711 0.85922731350803
 65 0.35188498446804 0.0052008432670876 0.9452336684998848
 66 0.3566546988848901 0.004769714416850073 0.1231280435862877
 67 0.3650914878578709 0.008436788972980773 0.1797543453206981
 69 0.37300710320996805 0.00791561535209716 0.7203430569342613
 72 0.37807950320438555 0.005072399994417492 0.933153786426319
 73 0.38275137539776466 0.004671872193379134 0.08158031611595197
 74 0.39203204882960635 0.00928067343184169 0.250385239852926
 76 0.4023142390773145 0.01028219024770815 0.9265312226288599
 79 0.40627032324222684 0.003956084164912311 0.7518998160141638
 80 0.4101858309082805 0.003915507666053635 0.21717364461856706
 81 0.4160097913862391 0.005823960477958656 0.27006103390929853
 82 0.4240902506237861 0.008080459237546942 0.29143832872557857
 83 0.43502896853223055 0.010938717908444471 0.8468893719559649
 85 0.43880248170442493 0.0037735131721943803 0.8387803972861346
 86 0.4424036429672938 0.0036011612628688424 0.7022232414013684
 87 0.44605000631316316 0.00364636334586938 0.3063468712848217
 88 0.4509069214782801 0.004856915165116941 0.222096990681789
 89 0.45808008793771 0.007173166459429898 0.3534287126352811
 90 0.4671990912138193 0.009119003276109292 0.4020795616021024
 92 0.47667354211865876 0.009474450904839442 0.8154108935645135
 94 0.4820634999067045 0.005389957788045747 0.9841735578389557
 95 0.48694071348096607 0.004877213574261587 0.3897396178639003
 96 0.4929449559399392 0.006004242458973109 0.26585575851628734
 97 0.5013177426240597 0.008372786684120516 0.24780766478345953
 99 0.5104711729262502 0.009153430302190556 0.6825334628226125
 101 0.5151309292467553 0.004659756320505055 0.9850436520146001
 102 0.5193461661539385 0.004215236907183144 0.24499585125562734
 103 0.5253802788212972 0.006034112667358724 0.22241684083850982
 104 0.5342879843527885 0.0089077055314912 0.19247440227710072
 106 0.5459758749089852 0.011687890556196831 0.834581329178707
 109 0.5498852966294742 0.003909421720488938 0.7150274175353094
 110 0.5537947183499631 0.003909421720488938 0.7700442331184992
 111 0.5576334111518867 0.003838692801923638 0.1902130473810176
 112 0.563585645280611 0.005952234128724299 0.17742848346270962
 113 0.5730165347315109 0.009430889450899944 0.5081860089767479
 115 0.5813560136204311 0.008339478888920187 0.6321816331087213
 117 0.5868629771300367 0.0055069635096056105 0.7749591216864483
 118 0.592258854609486 0.005395877479449326 0.18918805668213062
 119 0.6006397341694999 0.008380879560013833 0.635813731225125
 120 0.6094114650714925 0.0087717309019926 0.7879776320011255
 122 0.6150667207663485 0.005655255694856028 0.6602722730977302
 123 0.6207219764612045 0.005655255694856028 0.5430838873088526
 124 0.6269598495673254 0.006237873106120918 0.2661404258469224
 125 0.635655434553312 0.008695584985986516 0.7152425045270873
 126 0.6444064180684357 0.00875098351512366 0.9882113792511709
 127 0.6523141504191258 0.00790773235069013 0.9712915038503498
 128 0.6595010481148907 0.007186897695764938 0.8457417871070495
 129 0.6663408311869149 0.006839783072024205 0.6049885093040572
 131 0.6727282237067213 0.006387392519806354 0.9489311319172852
 132 0.6785785226624272 0.005850298955706015 0.25526904400190187
 133 0.6868438209041764 0.00826529824174918 0.48438945413137047
 134 0.6963135640669593 0.009469743162782884 0.8990433907526129
 136 0.7032760549890321 0.006962490922072757 0.8657214420357323
 137 0.709850933131984 0.006574878142951826 0.7411595655953117
 139 0.7148971066370386 0.0050461735050546675 0.7274696511761934
 140 0.7199432801420933 0.0050461735050546675 0.0639942629751923
 141 0.7306272757489632 0.01068399560686993 0.26944173006548755
 143 0.7402672784633134 0.009640002714350213 0.9863513466061917
 146 0.7460899090147626 0.005822630551449142 0.7319699775632049
 147 0.7519046537595011 0.005814744744738578 0.3638879621112185
 148 0.7592263860582188 0.00732173229871771 0.46319180487992384
 149 0.7677404060970935 0.008514020038874652 0.5558153631778235
 151 0.7758713869093121 0.008130980812218613 0.9996823292289145
 153 0.7821568587424713 0.00628547183315918 0.7562839045760206
 154 0.7883658184397557 0.006208959697284378 0.5829734274794124
 155 0.7950548445884723 0.00668902614871662 0.3351943619815405
 156 0.8037070521254209 0.008652207536948592 0.42172029018418633
 158 0.8114940514244527 0.0077869992990318 0.9917637755599512
 160 0.8169621989839497 0.00546814755949695 0.6891643777590941
 161 0.8224303465434467 0.00546814755949695 0.12425331820010409
 162 0.8320767762348675 0.009646429691420858 0.27374747472023775
 163 0.8454023696700926 0.013325593435225137 0.8730240876517812
 166 0.8483080909203045 0.002905721250211768 0.8751672821229296
 167 0.8510421466860583 0.002734055765753767 0.28470283792246787
 169 0.8543264348713965 0.003284288185338257 0.9189829374904489
 170 0.8573668342582855 0.0030403993868891015 0.06785224701931074
 171 0.8637081207858572 0.006341286527571665 0.34648985082289196
 172 0.8718221031810549 0.008113982395197623 0.940269430601936
 173 0.8792765194078241 0.0074544162267692 0.6223223816030753
 174 0.8871345230244192 0.007858003616595034 0.552035720785927
 176 0.8947926434012808 0.0076581203768616496 0.7163576656962497
 178 0.9013331009528426 0.0065404575515616865 0.7459636394387501
 179 0.9078236002021379 0.006490499249295393 0.21329017855290222
 180 0.9175327801882889 0.009709179986150986 0.8277399271088725
 184 0.9218149431511162 0.0042821629628273265 0.8659786587949705
 185 0.9258583113033452 0.0040433681522289875 0.24740624249235096
 186 0.931628305050653 0.0057699937473077775 0.18392002013749828
 187 0.9406692826322893 0.009040977581636375 0.48323459024369253
 188 0.9510359426148943 0.010366659982604966 0.7551029849087719
 193 0.9550746920676179 0.004038749452723484 0.8268472692075222
 194 0.9589474196172303 0.0038727275496124023 0.12635859951186507
 195 0.9657457028941366 0.006798283276906347 0.3770425085481786
 196 0.9742066166458243 0.008460913751687695 0.43843429858783556
 198 0.9815967383637683 0.007390121717943943 0.6033258124688902
 199 0.9889868600817122 0.007390121717943943 0.9637083082234178
 200 0.9944934300408561 0.005506569959143892 0.3417926021874456
 201 1.0 0.005506569959143892 0.08898063453713449
