 0 1.0 1.0 1.5317553434396323
 2 1.0 0.218376719408498 110.33828983505727
 3 0.8314913347265516 0.049868054135049585 16.33969849250784
 5 0.8191006640285368 0.018738691718517334 27.479398780937842
 10 0.8390097618122011 0.009337053877654718 4.528755092290566
 15 0.8651641342801093 0.009135501058863398 3.342653864134255
 19 0.8840922377078695 0.009674824902166923 1.1884808376481413
 21 0.8908553176939203 0.008214863920978675 1.7625436207145986
 25 0.9105530877256542 0.008405188514051224 1.123717288728922
 27 0.9167036733192999 0.0072778870538484555 1.1040884102299782
 32 0.9434462498325169 0.006923147541623439 1.3619864501203112
 37 0.972580556029146 0.008729084923479034 2.955521366098646
