 0 1.0 1.0 1.5317553434396323
 2 1.0 0.3036441509776684 121.23257125990389
 3 0.7589487334444854 0.06259288442215383 26.25328491863467
 5 0.7338263432961991 0.018735247136933707 17.66458704861405
 11 0.7596493333810973 0.009740036473257772 1.8291785013676407
 17 0.7921394899196086 0.007957749644712575 1.2409811102186028
 23 0.8264383101283054 0.008945300494553996 1.6457732314269242
 29 0.8593480172302704 0.008270518271907439 1.5898021580556359
 35 0.8960928168693875 0.010516009286736723 2.948253576624638
 41 0.9298697080468951 0.009924883290945673 1.4305943297434038
