 0 1.0 1.0 1357.7869250073772
 1 0.1387763870573242 0.1387763870573242 3.509135843890195
 3 0.16526833286141704 0.08231227191851133 6.104367212786849
 5 0.16575287027037938 0.04139840466373684 167.30450688586413
 6 0.13294789328934117 0.008593427682698612 3.8003421445995103
 11 0.16120169417192315 0.010389660286068131 2.0044723420821646
 15 0.18223116225661895 0.008244141514368416 1.7090513120796895
 19 0.20408110453085526 0.009771864774689283 1.4170820894358973
 21 0.2099817021142723 0.007836231179053162 1.6071480590878964
 26 0.24157072259968693 0.009599437358917284 5.674325747061002
 31 0.26789877992403727 0.009671010571728521 4.296252209061514
 36 0.2938960173477717 0.008480045066036761 3.8210785020164684
 40 0.3112029138407645 0.009343570064570456 1.059823714940094
 42 0.31835767839914364 0.008249167311474776 2.000075768580728
 46 0.33927851881257487 0.009824485780079802 1.7031802974959114
 48 0.3442045537804722 0.007334403403663331 1.1230840801985091
 52 0.36561069052831713 0.008836514475632782 1.2947798144114653
 55 0.378272348752004 0.006897069529849805 1.0241617690374505
 60 0.4058988054848765 0.006954067427975535 1.2319558362479444
 64 0.42811004115498036 0.01059896486120494 1.2495960032347606
 66 0.4352313788140349 0.008860151260129736 2.4356601061223286
 70 0.4543512795567464 0.008659228696120793 1.0846288951770613
 72 0.4608331946336119 0.007554669320345122 1.2197008325253376
 76 0.4838270184398239 0.010046010425985213 2.376336120566836
 81 0.5140651027929902 0.010461744265813215 3.8540646130788487
 86 0.5453608880349345 0.012930397313528045 3.8391354724232474
 88 0.5474559781497089 0.007512743714151207 1.1247923333183973
 93 0.5810969233456879 0.011868613520982013 3.7776651320453816
 99 0.6144947582723257 0.008183807491969033 1.080710546297767
 102 0.6287561229854081 0.008217834006838636 1.0159993021497553
 110 0.6823731166853504 0.009836739518188274 1.9479914284132747
 117 0.7307915919779716 0.012672800380699815 2.8792231353515905
 119 0.7339568978147877 0.007769570268533662 1.0716876646706726
 125 0.7706956727174731 0.007976203605535671 1.2322774708759787
 130 0.803175210994751 0.009873749151323892 3.0128184131345557
 135 0.8345663581020325 0.010681346583895891 3.690827409693624
 140 0.8621165634251484 0.009385065941702374 1.468104777404306
 152 0.9457080845398186 0.011812021407341212 2.6165657435403187
 158 0.9814884498476953 0.009345096524426487 2.3568099474593756
