 2 0.08295606094290571 0.08295606094290571 0.7462394059433154
 4 0.12435446560664255 0.04139840466373684 0.560348150608226
 7 0.12936339704088862 0.005008931434246068 0.8206773511742944
 8 0.13417842667786342 0.004815029636974818 0.1757609588921421
 9 0.14182977612688139 0.007651349449017953 0.4500875109558625
 10 0.150812033885855 0.00898225775897364 0.47067172050955675
 12 0.15824821236795655 0.007436178482101547 0.6912580081936918
 13 0.1656843908500581 0.007436178482101547 0.5235713540711949
 14 0.17398702074225053 0.008302629892192428 0.7446261582652309
 16 0.18020318273002606 0.006216161987775522 0.7077365544276708
 17 0.18641934471780158 0.006216161987775522 0.3551402537566974
 18 0.19430923975616599 0.007889895038364405 0.3826598417234609
 20 0.20214547093521915 0.007836231179053162 0.7180322236161506
 22 0.20817446620360347 0.006028995268384312 0.6728052400247546
 23 0.2142034614719878 0.006028995268384312 0.44447532491995534
 24 0.22131061120651999 0.007107149734532204 0.21145273754677293
 25 0.23197128524076965 0.010660674034249664 0.9987648574637326
 27 0.23690889055301473 0.004937605312245061 0.724004953034674
 28 0.2418464958652598 0.004937605312245061 0.2804011568694121
 29 0.2486146507333593 0.006768154868099512 0.25106069460079944
 30 0.25822776935230873 0.00961311861894942 0.7159865010033947
 32 0.26365145589308653 0.005423686540777797 0.704196557803646
 33 0.2690751424338643 0.005423686540777797 0.3294643790066893
 34 0.27613025833080856 0.007055115896944229 0.31780686261208824
 35 0.28541597228173493 0.009285713950926366 0.9573189714600944
 37 0.2903503332250526 0.004934360943317661 0.6612482357168133
 38 0.2952846941683703 0.004934360943317661 0.3060407027757144
 39 0.30185934377619406 0.006574649607823793 0.2506165824540162
 41 0.31010851108766885 0.008249167311474776 0.7045888878107563
 43 0.3160169022291684 0.005908391141499536 0.8032590324439266
 44 0.32173731998083693 0.00572041775166855 0.2946154105317343
 45 0.32945403303249504 0.007716713051658107 0.35184008927911187
 47 0.3368701503768089 0.007416117344313856 0.7536384967701703
 49 0.3432220533951039 0.006351903018295004 0.7212953620732893
 50 0.34957395641339895 0.006351903018295004 0.5002341305666312
 51 0.35677417605268436 0.007200219639285415 0.3934399686914993
 53 0.36407472763741927 0.007300551584734922 0.7229654076744985
 54 0.3713752792221542 0.007300551584734922 0.8646097819132857
 56 0.37753414416670866 0.006158864944554488 0.7295901610048489
 57 0.3836913480406274 0.006157203873918719 0.3791077858330145
 58 0.3913406472743932 0.007649299233765838 0.7420798222599359
 59 0.39894473805690095 0.00760409078250775 0.9532941616715033
 61 0.40478537736180453 0.005840639304903596 0.7536424939587768
 62 0.4105616518025095 0.0057762744407049245 0.4178934086321523
 63 0.41751107629377543 0.006949424491265943 0.20055044794958726
 65 0.42637122755390516 0.008860151260129736 0.708514992313431
 67 0.4323242713213746 0.005953043767469388 0.7436638857861207
 68 0.4382379269655237 0.005913655644149115 0.3627218706820395
 69 0.44569205086062563 0.007454123895101923 0.4646049249010429
 71 0.4532785253132668 0.0075864744526411565 0.7382460932032967
 73 0.45964464141145844 0.006366116098191676 0.7193479333285663
 74 0.4660107575096501 0.006366116098191676 0.4000251891034151
 75 0.4737810080138387 0.007770250504188636 0.3356799497155779
 77 0.4805848235638391 0.006803815550000375 0.718333678279794
 78 0.48738863911383945 0.006803815550000375 0.5590636697446819
 79 0.49482137036865387 0.007432731254814405 0.44141073007873666
 80 0.503603358527177 0.008781988158523088 0.43057994975818176
 82 0.5096743424507799 0.006070983923602932 0.4804907556622914
 83 0.5157453263743829 0.006070983923602932 0.46133216191491966
 84 0.5228143360481237 0.007069009673740774 0.2870921764069932
 85 0.5324304907214065 0.009616154673282803 0.2975466672666324
 87 0.5399432344355577 0.007512743714151207 0.49160736977975833
 89 0.5464463078012113 0.0065030733656536435 0.7039143669716613
 90 0.5529493811668649 0.0065030733656536435 0.5810874359530721
 91 0.5599628214538247 0.007013440286959847 0.31417342743704957
 92 0.5692283098247058 0.009265488370881102 0.3453339675648558
 94 0.5761593641106598 0.006931054285954002 0.474183900064573
 95 0.5830904183966138 0.006931054285954002 0.6452366991905887
 96 0.590309239881021 0.007218821484407205 0.6082499863037217
 97 0.597977083365834 0.007667843484813009 0.5677301711256889
 98 0.6063109507803567 0.008333867414522732 0.7698422104040192
 100 0.6134895223997991 0.007178571619442418 0.7700215999433834
 101 0.6205382889785694 0.007048766578770315 0.45958817504804345
 103 0.6278960970564575 0.007357808077888077 0.7042159923203933
 104 0.6352539051343457 0.007357808077888077 0.7530487761378165
 105 0.642532540692809 0.00727863555846334 0.7606038418539015
 106 0.6497089370054787 0.0071763963126698 0.7563427265879672
 107 0.6567977923146556 0.007088855309176886 0.6474172764318008
 108 0.6641726714618635 0.007374879147207937 0.4995337778990641
 109 0.6725363771671621 0.00836370570529856 0.44757358082749915
 111 0.6796427124096966 0.00710633524253462 0.7005755347055828
 112 0.6867490476522312 0.00710633524253462 0.7571564176602851
 113 0.6937661811288383 0.007017133476607019 0.9148134413159595
 114 0.700272067979264 0.006505886850425694 0.5055282362902929
 115 0.7076211093296668 0.0073490413504027656 0.24664024552417
 116 0.7181187915972718 0.010497682267604997 0.41360594521328
 118 0.726187327546254 0.008068535948982315 0.8164441536108007
 120 0.7330215429361036 0.006834215389849562 0.7663003272413587
 121 0.7397430243130662 0.006721481376962569 0.5768266522450138
 122 0.7470097904707584 0.007266766157692304 0.5982536658371796
 123 0.7547712704565082 0.00776147998574967 0.6788182943550888
 124 0.7627194691119374 0.007948198655429298 0.7213482270721473
 126 0.7694180096236034 0.00669854051166594 0.7488687722058825
 127 0.7760567774919693 0.006638767868365961 0.4794301791795608
 128 0.78368896732008 0.007632189828110617 0.3636231395848737
 129 0.7933014618434271 0.009612494523347108 0.6726473780710721
 131 0.7994973036357867 0.0061958417923596056 0.8228332103519816
 132 0.8054480927094081 0.005950789073621393 0.30801353976043466
 133 0.8133605107160188 0.007912418006610716 0.3076698625493604
 134 0.8238850115181366 0.010524500802117838 0.6973545992867372
 136 0.8301687298409124 0.006283718322775695 0.7607101183897138
 137 0.8363638954927881 0.006195165651875676 0.41656786969339865
 138 0.8438251073853769 0.007461211892588695 0.4279442944964194
 139 0.852731497483446 0.008906390098069174 0.6230238644694647
 141 0.8601703050326732 0.0074388075492271884 0.761374036414771
 142 0.8675021496782319 0.007331844645558682 0.6963259393590151
 143 0.8749469223688846 0.007444772690652635 0.6180313065539866
 144 0.8828128676805042 0.007865945311619603 0.7645175190578632
 145 0.8905550684282724 0.007742200747768253 0.8493682044855717
 146 0.8979128394381767 0.007357771009904283 0.7527133968610626
 147 0.9051925191544924 0.00727967971631566 0.8749495742159248
 148 0.9120426942964363 0.0068501751419438916 0.8821875548314905
 149 0.9184710448429223 0.006428350546486098 0.603303160132577
 150 0.9253178423643827 0.006846797521460467 0.36947807239729624
 151 0.9338960631324774 0.008578220768094627 0.27648299448694436
 153 0.9416511866587084 0.0077551235262309235 0.6482087217125131
 154 0.9494063101849394 0.0077551235262309235 0.9490450631169974
 155 0.9565090486872491 0.007102738502309674 0.7206939551320823
 156 0.9636389695044519 0.007129920817202838 0.42894215312552686
 157 0.9721433533232688 0.008504383818816937 0.5492994530355841
 159 0.9784893765151516 0.0063460231918826635 0.6810821828011974
 160 0.9848353997070343 0.0063460231918826635 0.35645424182146507
 161 0.9924176998535171 0.007582300146482868 0.32341143896518704
 162 1.0 0.007582300146482868 0.2848398826340259
