 0 1.0 1.0 5350471.5723683555
 1 0.07636729863461544 0.07636729863461544 2713.4821807225585
 2 0.009096410096339654 0.009096410096339654 9.13015954352222
 41 0.2784421675500213 0.012202705200317224 1.6348758202851998
 43 0.28227794808775314 0.00771863409182355 1.216886008771293
 48 0.3094126828863615 0.008032596541940024 1.1457498966107682
 54 0.34661354705418224 0.009890737462943895 1.5179789749268406
 61 0.3881056385573904 0.007271733557625394 1.3548688480910984
 67 0.42317004030698896 0.008826363195855664 1.0245283197273605
 72 0.44937681701126037 0.006998674504570103 1.235260776142831
 80 0.49896300655222564 0.006606456492706665 3.0413372070532376
 88 0.5443438426785314 0.008405556163377818 1.0906753863946574
 94 0.5802062112100164 0.007858311853344657 1.1907221278594333
 101 0.6228817045154981 0.006890894500047663 1.5455093231926087
 109 0.6723730730267143 0.006940753919536097 1.7366775434680461
 117 0.7192047705534883 0.00860244402914698 2.02648207090168
 118 0.7160756061982253 0.00547327967388396 1.1310678475683176
 125 0.7595321028475426 0.008459100205461917 2.2280238298558017
 131 0.7948908439360818 0.009599578739258107 1.2694340794289993
 137 0.8319687689895268 0.009642026217302322 1.4368398903383044
 144 0.8756015639813621 0.006934811394360823 1.0660500561122885
 150 0.9121934671848166 0.008690382313259184 1.126068244298217
 158 0.96387978319243 0.008362755776275786 1.0794625599603769
