 2 0.02959402683036449 0.02959402683036449 0.15059417841302244
 4 0.04319715877012781 0.013603131939763313 0.34859476721239363
 6 0.05244006084175336 0.009242902071625547 0.6125489450552102
 8 0.06010462258979764 0.007664561748044282 0.6185315831912949
 9 0.06769839347179743 0.007593770881999787 0.42838113337472244
 10 0.07579539180585564 0.0080969983340582 0.4144159543105901
 12 0.08289476197541083 0.007099370169555196 0.604150401411118
 13 0.08996173316194385 0.007066971186533016 0.3327851283597156
 14 0.097886477393805 0.007924744231861154 0.39741033595768205
 15 0.10646398738853778 0.008577509994732774 0.3976209620968934
 17 0.11429607273350656 0.007832085344968775 0.6052053074147458
 18 0.12208969547370807 0.007793622740201518 0.6538896467638109
 20 0.12866285190126223 0.006573156427554168 0.5251509586333664
 21 0.13523600832881638 0.006573156427554168 0.2723864249860753
 22 0.14290670192445348 0.007670693595637105 0.3817662715597656
 24 0.14999719202110698 0.007090490096653486 0.6482939593609306
 25 0.15695647670973406 0.006959284688627087 0.09877763444939802
 26 0.16686282950007117 0.0099063527903371 0.726542632483149
 28 0.17375809145538856 0.006895261955317401 0.46756579696163414
 29 0.18065335341070596 0.006895261955317401 0.3124456654416468
 30 0.18848330099054011 0.007829947579834162 0.614791265307226
 31 0.1962503464168578 0.007767045426317687 0.52421778692587
 32 0.20420452815868387 0.007954181741826084 0.9186974618157346
 33 0.21148613848049694 0.007281610321813077 0.5278248940557015
 34 0.21893297047453558 0.007446831994038652 0.4188010231549231
 36 0.22607021721452103 0.007137246739985461 0.595501523362558
 37 0.23319541042107111 0.00712519320655009 0.32296148289742077
 38 0.24123328964289745 0.008037879221826322 0.21658561728594578
 40 0.24944133701417023 0.008208047371272781 0.5918055847264144
 41 0.2576457318358184 0.008204394821648158 0.8097795532038058
 42 0.26534810464083164 0.007702372805013234 0.920300683421066
 43 0.272396744047337 0.007048639406505376 0.6450507283087731
 44 0.27932189472274666 0.006925150675409681 0.12545477010920505
 45 0.2887348400704584 0.009412945347711778 0.5128900018113094
 47 0.29545823898301743 0.006723398912559029 0.8483220658323692
 48 0.30171187377062975 0.00625363478761231 0.07858175990864386
 49 0.31101097320488447 0.009299099434254703 0.6746091321190858
 50 0.3200656641747051 0.009054690969820634 0.6096912410811304
 51 0.3290625904242038 0.0089969262494987 0.9768051426821642
 53 0.33567745740938326 0.0066148669851794585 0.5404134655923122
 54 0.3422923243945627 0.0066148669851794585 0.1494243427762118
 55 0.35098235300840347 0.008690028613840778 0.5802764754476115
 57 0.3585193300206106 0.0075369770122071435 0.6754371751279403
 58 0.3658564125092293 0.007337082488618676 0.2903819947961611
 59 0.37431038701739067 0.008453974508161356 0.7053231971553957
 60 0.38246920803428214 0.008158821016891471 0.5547489479785014
 62 0.3897087173109337 0.007239509276651574 0.5430410560225968
 63 0.3969482265875853 0.007239509276651574 0.30142328259146767
 64 0.405228071296243 0.00827984470865775 0.7218049958213795
 65 0.4131820243213987 0.00795395302515574 0.455146725936001
 66 0.4215609821376859 0.008378957816287192 0.8350148980750721
 67 0.4293791556009472 0.007818173463261307 0.5284087926125458
 68 0.43737295789700537 0.007993802296058193 0.7587289324422307
 69 0.4449759236076236 0.007602965710618272 0.6572113761309328
 70 0.45241784157088516 0.007441917963261548 0.5420642259301722
 71 0.45998821068790197 0.007570369117016814 0.5464022624648528
 72 0.4676769817678788 0.007688771079976838 0.6551934003011235
 73 0.47520751725470567 0.007530535486826854 0.5966292166890568
 74 0.4827224909685448 0.007514973713839158 0.5156036899771728
 75 0.4904440685613555 0.007721577592810642 0.7768836181779939
 76 0.49775349285744724 0.007309424296091772 0.582629986742846
 77 0.5050825332391313 0.007329040381684111 0.58075665370752
 78 0.5124359771450533 0.007353443905921939 0.6414639910258438
 79 0.5196686529671329 0.007232675822079602 0.6548099959334744
 80 0.5267533089393905 0.007084655972257642 0.5723370641515845
 81 0.5338823463257244 0.007129037386333819 0.6904625976273194
 82 0.5407918437738187 0.006909497448094307 0.5831450028555686
 83 0.5477186598778676 0.006926816104048889 0.6242689227966577
 84 0.5545688381491332 0.006850178271265555 0.6901593918898963
 85 0.5612086471133485 0.006639808964215379 0.5866558945310514
 86 0.5678571124065698 0.006648465293221219 0.5402826103970171
 87 0.5746247876850658 0.006767675278495929 0.8031018873806289
 88 0.5809888739495265 0.0063640862644607134 0.6076590296393126
 89 0.587316584179001 0.00632771022947458 0.4865527467114294
 90 0.5938940858105687 0.00657750163156765 0.757502059112205
 91 0.6001520211853489 0.006257935374780261 0.6284162867394796
 92 0.6063325290915713 0.006180507906222332 0.734606907060865
 93 0.6122489440230957 0.005916414931524391 0.5089168816132199
 94 0.6183439031395848 0.006094959116489015 0.5550000637896606
 95 0.6245148901219253 0.006170986982340585 0.7763940621429867
 96 0.6303572253777181 0.005842335255792763 0.5295862121195186
 97 0.6363281456579146 0.005970920280196554 0.8943631549871214
 98 0.6418235654701054 0.005495419812190834 0.548652917225333
 99 0.6474003482702139 0.005576782800108379 0.8305835300624835
 100 0.6526094242036649 0.005209075933450935 0.4774436508406198
 101 0.6580446292806379 0.005435205076972985 0.7880725717759615
 102 0.6631750380104756 0.005130408729837723 0.6218322456440053
 103 0.6682526541691938 0.0050776161587182105 0.6531817905666499
 104 0.6732288316034627 0.004976177434268871 0.4799445570035062
 105 0.6784156079342982 0.005186776330835528 0.7520605708586049
 106 0.6833575023698195 0.004941894435521269 0.5039300355170415
 107 0.6884585661436974 0.0051010637738778996 0.5933121925167439
 108 0.6935547678389881 0.005096201695290647 0.379258115087804
 109 0.6991224685836582 0.005567700744670177 0.6541789156437622
 110 0.7045772756377794 0.005454807054121116 0.4459050308315843
 111 0.7103471563272581 0.005769880689478734 0.6762846030751805
 112 0.7159626010357819 0.00561544470852379 0.38335377769848933
 113 0.7220844463234262 0.006121845287644203 0.6947464237281681
 114 0.7280104350333352 0.005925988709909005 0.4007437106443879
 115 0.7344138619865672 0.006403426953232003 0.5597073910065261
 116 0.7408862227446289 0.006472360758061662 0.7244292898922972
 117 0.7470993242486602 0.006213101504031329 0.4744598517181054
 118 0.7535902697961836 0.006490945547523409 0.7200529242268643
 119 0.7598287644503945 0.006238494654210917 0.5349206609188802
 120 0.7661917972207871 0.006363032770392674 0.7834052038582789
 121 0.7722051369088078 0.006013339688020653 0.527755130168093
 122 0.7783550834299656 0.006149946521157897 0.8787407523493883
 123 0.7840352251838568 0.00568014175389121 0.7849418473806606
 124 0.7894011017393288 0.005365876555471987 0.7054847930595749
 125 0.7945794023391799 0.0051783005998511916 0.625698845879791
 126 0.7996980678677426 0.005118665528562702 0.4343708209259602
 127 0.8051408191745707 0.005442751306828117 0.5782866084837504
 128 0.8106063502821585 0.005465531107587878 0.38827816969564916
 129 0.8165496008999803 0.0059432506178217544 0.6048382080091362
 130 0.8224643825113509 0.005914781611370612 0.4151343539455021
 131 0.8288108253258677 0.0063464428145168315 0.6175624856840973
 132 0.8351006237189251 0.006289798393057429 0.3612682000244205
 133 0.8420393096349489 0.006938685916023721 0.6777637904471328
 134 0.8487893258195398 0.006750016184590883 0.6737109412262681
 135 0.8553636824412774 0.006574356621737596 0.39112754738561084
 136 0.8625022488604025 0.007138566419125116 0.5584087791393053
 137 0.8697210157195011 0.007218766859098594 0.7476446329237899
 138 0.8766070661162779 0.006886050396776814 0.4221277108677643
 139 0.8839710463440948 0.007363980227816877 0.5798220061677876
 140 0.8913619268811661 0.007390880537071289 0.7530916986081225
 141 0.8984019354234114 0.007040008542245328 0.4104221767283486
 142 0.9059729674127217 0.007571031989310268 0.6652607787257506
 143 0.9133656096883598 0.007392642275638048 0.672349256137333
 144 0.9205687826076892 0.007203172919329395 0.5558602686087004
 145 0.9278595485995792 0.007290765991890024 0.5364381772322968
 146 0.9352916473978223 0.007432098798243174 0.567446284095807
 147 0.9427831513698934 0.007491503972071151 0.7493619067424016
 148 0.9499260917498792 0.007142940379985736 0.41798719113246285
 149 0.9575798471881514 0.007653755438272172 0.5566365108508344
 150 0.9653245131842865 0.007744665996135136 0.9338305723605662
 151 0.9723912384941533 0.0070667253098668295 0.5163799769142247
 152 0.9796500602654885 0.007258821771335212 0.5005319870977866
 153 0.9871528183969466 0.0075027581314581196 0.7245209224017116
 154 0.9935764091984733 0.006423590801526713 0.36951077435175783
 155 1.0 0.006423590801526657 0.2558614827430884
