 0 1.0 1.0 721951922.1757882
 1 0.08492136735074618 0.08492136735074618 164.3146354348453
 3 0.05918805366072898 0.02959402683036449 33.41763991333438
 5 0.05680029070989112 0.013603131939763313 4.161451485979764
 7 0.06161541245669981 0.009175351614946457 1.4549879435339812
 11 0.08448631580126265 0.008690923995407005 1.6285783820070563
 16 0.11574704967287637 0.009283062284338594 1.383894534253001
 19 0.12972596591404262 0.007636270440334558 1.2511737949575774
 23 0.15127606769928872 0.00836936577483523 1.3553704346349438
 27 0.1763668334230125 0.009504003922941305 2.973003193646866
 35 0.2269092500790412 0.007976279604505606 1.029903416461849
 39 0.2510493171061605 0.00981602746326308 1.447591881902283
 46 0.29841677988797183 0.009681939817513422 3.720474423810475
 52 0.3371985762818441 0.008135985857640256 1.667700318675521
 56 0.35970275933778223 0.008720406329378741 1.2258420199262914
 61 0.39073054900172116 0.008261340967439001 1.1436971089445538
