 0 1.0 1.0 721951922.1757882
 1 0.0835603135297549 0.0835603135297549 147.76369425670134
 3 0.05378104912609762 0.02689052456304881 9.12910872150105
 5 0.055033433748593395 0.014071454592772292 3.121641199509943
 7 0.05900197971117788 0.009020000277678386 1.158340695879037
 12 0.09093528298517739 0.010120545335365884 1.5188014606996962
 18 0.12818550927591682 0.008669573175065103 1.0418572100320223
 27 0.1875498751294961 0.007913238805698816 1.8220732254121
 34 0.2336644219263558 0.010860494228969531 2.127361194735913
 45 0.3094151300742766 0.008944373399060497 1.5991768858098727
 54 0.37130813391689405 0.008524681922179733 1.289725964811442
