 2 0.08315273719206588 0.08315273719206588 0.19535927921751084
 4 0.09453370893776701 0.01138097174570113 0.7268142359943216
 6 0.10105079573328914 0.0065170867955221265 0.22794201314175144
 7 0.10756788252881126 0.0065170867955221265 0.09747684681770523
 8 0.1150677255397501 0.007499843010938837 0.05892636682356613
 9 0.1237200707834375 0.008652345243687397 0.05932413590143269
 10 0.1333006729454079 0.009580602161970413 0.2657058523906313
 11 0.14190673769780082 0.008606064752392917 0.4329261105033407
 12 0.1500461279069538 0.008139390209152974 0.776514584683211
 13 0.15742251922436457 0.007376391317410774 0.5588496666297406
 14 0.1647568690516866 0.0073343498273220255 0.47303146762696846
 15 0.1720277600777079 0.007270891026021291 0.5660335150554833
 16 0.1789638008955371 0.006936040817829207 0.28650280728469346
 17 0.18634724236401004 0.007383441468472949 0.3435135603314718
 18 0.1936036920177744 0.007256449653764355 0.22825746049144197
 19 0.2012656755020827 0.007661983484308316 0.35646574647281193
 20 0.20862202080503828 0.007356345302955567 0.24355274562462353
 21 0.2163421280263588 0.007720107221320533 0.35817498109101004
 22 0.22378783809822794 0.007445710071869153 0.2812526234201274
 23 0.23144885402148863 0.007661015923260693 0.4985414681635743
 24 0.23858519173332776 0.007136337711839147 0.23052984504360918
 25 0.24633721879295892 0.007752027059631153 0.5833682545214662
 26 0.2532902261969765 0.006953007404017581 0.22223166897067048
 27 0.2609777001053798 0.007687473908403322 0.3758477346610111
 28 0.2682883828510491 0.007310682745669336 0.2604319223187036
 29 0.2759212153471401 0.007632832496090961 0.31810195313009204
 30 0.2834462600051012 0.0075250446579611064 0.6028886866061608
 31 0.2903396297162362 0.006893369711135021 0.2810372171473061
 32 0.29773461978504967 0.007394990068813436 0.29007112897497206
 33 0.30516506888279515 0.007430449097745508 0.2443347411355051
 34 0.31283203170874263 0.007666962825947503 0.3361589381297104
 35 0.32029434753650476 0.007462315827762158 0.4043746425003562
 36 0.3275549921717863 0.007260644635281549 0.26212659263728705
 37 0.3351731369242362 0.00761814475244992 0.2339285957647457
 38 0.34301798455769894 0.007844847633462737 0.3247421538635125
 39 0.35066379219514326 0.007645807637444314 0.25323480894536304
 40 0.3585847655397437 0.007920973344600433 0.5141516519783095
 41 0.3658701921189926 0.0072854265792488765 0.26373203206855145
 42 0.3736558534727137 0.007785661353721089 0.2966599426407207
 43 0.3814147380369807 0.007758884564267051 0.3078210412170562
 44 0.3891798055652625 0.007765067528281779 0.4338862107633418
 45 0.39660839843325313 0.007428592867990609 0.25324855227342546
 46 0.40448464988187705 0.007876251448623908 0.23776402077900993
 47 0.41255457197410084 0.008069922092223814 0.43058667576554516
 48 0.42012514391177486 0.007570571937674036 0.24063213197860278
 49 0.428204573945648 0.00807943003387315 0.34059265086025536
 50 0.4360443570063713 0.007839783060723304 0.29629447831288686
 51 0.44402004910430953 0.007975692097938273 0.49842670885825574
 52 0.4514807477419757 0.007460698637666193 0.2580057583573487
 53 0.4594584021270757 0.007977654385099998 0.29615249300186935
 54 0.46739657248549826 0.007938170358422524 0.29728638077033986
 55 0.47537880059174387 0.007982228106245623 0.4377751561497191
 56 0.4829844090948314 0.00760560850308757 0.24425098099937026
 57 0.4910950285954666 0.008110619500635192 0.3432691331441273
 58 0.4989658494457732 0.007870820850306628 0.21472769712343584
 59 0.5073473964559417 0.008381547010168553 0.391569604573691
 60 0.5152508352931784 0.007903438837236603 0.21512426856906075
 61 0.523753921721764 0.008503086428585637 0.3698196074384094
 62 0.5318375200140243 0.00808359829226019 0.29637995453909455
 63 0.5401152563459749 0.008277736331950633 0.4233179563329239
 64 0.5480376450429003 0.007922388696925358 0.3062245083496642
 65 0.5562010228544011 0.008163377811500734 0.6198600101245464
 66 0.5636275924877379 0.007426569633336781 0.2190070821876116
 67 0.5718953418628989 0.008267749375161027 0.44359006395558764
 68 0.5795687446010779 0.007673402738178995 0.19332395280281378
 69 0.5880323939982783 0.008463649397200417 0.3021069939381356
 70 0.5962390466074325 0.008206652609154255 0.28999759378000434
 71 0.6045331730119751 0.008294126404542553 0.3640870605691389
 72 0.6126263863846008 0.008093213372625729 0.3594841968536006
 73 0.620682938802026 0.008056552417425231 0.34581098061411897
 74 0.6287384515318051 0.008055512729779161 0.36070338170952365
 75 0.6367207191523486 0.00798226762054359 0.4445500672009195
 76 0.6444282971768395 0.007707578024490859 0.366541160735513
 77 0.6522033146049119 0.007775017428072411 0.30257722343930776
 78 0.6601363760255066 0.007933061420594736 0.27695154518635345
 79 0.668206830569887 0.008070454544380361 0.45924135326764265
 80 0.6758020340392722 0.007595203469385245 0.3805003030617827
 81 0.6834435579917484 0.007641523952476159 0.3439492980362515
 82 0.6911247062993631 0.0076811483076146695 0.3376434989385127
 83 0.6988034208953606 0.0076787145959975244 0.4893098270300327
 84 0.706080480114627 0.007277059219266372 0.3707291265501368
 85 0.7134660083541695 0.007385528239542498 0.29970477987535615
 86 0.7210185924982488 0.0075525841440793415 0.4652245573876277
 87 0.7281584828398143 0.007139890341565499 0.45495608817725014
 88 0.7351716796532964 0.007013196813482151 0.2879949271758192
 89 0.7425026840775789 0.00733100442428247 0.42121169117608476
 90 0.7495077872260383 0.007005103148459385 0.48315054532251356
 91 0.7562768953286261 0.006769108102587822 0.27100014901124303
 92 0.7634476055550843 0.0071707102264581685 0.4041660434293713
 93 0.7703058267519598 0.006858221196875524 0.48956984661444997
 94 0.7768989530032189 0.006593126251259079 0.24147318320822617
 95 0.7840043141399693 0.0071053611367504375 0.4362198233314525
 96 0.7906661403990192 0.006661826259049823 0.463919803321868
 97 0.7971583918913762 0.006492251492356967 0.22421160054233794
 98 0.8041976300112141 0.007039238119837988 0.5505800926819061
 99 0.8105484235131475 0.006350793501933317 0.3733385595734505
 100 0.81704860929308 0.00650018577993253 0.22195095090697628
 101 0.8239850193101228 0.006936410017042796 0.6513312971788506
 102 0.8300930351438969 0.00610801583377402 0.2670685303448842
 103 0.8367332493331596 0.006640214189262755 0.3073258640595874
 104 0.843324609463473 0.00659136013031339 0.5627432372574683
 105 0.8494043477748471 0.006079738311374103 0.18879625939748865
 106 0.8562612900101212 0.006856942235274158 0.6184046614089509
 107 0.8622652593452563 0.00600396933513519 0.3304489296161854
 108 0.8685746604551086 0.006309401109852198 0.22796413563425771
 109 0.8752172452111285 0.00664258475601999 0.6497854144625926
 110 0.88108094626202 0.005863701050891502 0.17962848508233983
 111 0.8878169751192663 0.0067360288572462694 0.6192641928222099
 112 0.8936905914029853 0.0058736162837190785 0.3270592131045187
 113 0.8998726052269824 0.006182013823997063 0.2183080570702667
 114 0.9064152075494333 0.006542602322450882 0.6614121489461063
 115 0.9121565423684164 0.005741334818983104 0.16361702256255578
 116 0.918847691211788 0.006691148843371674 0.6942409202770984
 117 0.9245475097150296 0.005699818503241668 0.2816505687127086
 118 0.9307295116312038 0.006182001916174148 0.2736400336252716
 119 0.9369931655048362 0.006263653873632494 0.5605869594410561
 120 0.9427203870170472 0.00572722151221099 0.1826528517228293
 121 0.9492076263431309 0.0064872393260837465 0.7119365493539566
 122 0.9547628412222818 0.00555521487915086 0.190073642407542
 123 0.9611406505796078 0.006377809357326046 0.5343894588229516
 124 0.9668430850054881 0.005702434425880265 0.3307948715406236
 125 0.9727651845996969 0.0059220995942088055 0.20582635339502905
 126 0.9790902727867898 0.00632508818709303 0.6441001659012733
 127 0.9846352244933425 0.00554495170655264 0.16893898712713515
 128 0.9910552345962824 0.006420010102939947 0.745867124454478
 129 0.9955276172981412 0.00447238270185879 0.0755784954032099
 130 1.0 0.00447238270185879 0.10480796176815817
