 0 1.0 1.0 3633584.289380447
 1 0.10810838538356415 0.10810838538356415 1.292675949356473
 3 0.18491097643930854 0.09245548821965427 409480.7702609405
 4 0.10426660226505852 0.011811114045404246 1.7961482680836327
 6 0.1113811685873245 0.009462840183835117 1.2531019561943901
 25 0.24682614157446192 0.007247678979952001 1.1922305883227946
 29 0.27152032236589824 0.010758657684834695 1.9020834499425718
 31 0.27780666006478527 0.008522497691860864 1.0685592319732096
 44 0.3673224464449727 0.008063967948461663 1.0445155428072055
 49 0.3984479778863812 0.008644056194064165 1.2703122264267113
 54 0.429581481835578 0.008588448509180622 1.4187083348345741
 59 0.46126038528705504 0.008817017389890526 1.9325167497547662
 63 0.4860367780046899 0.0101327472454642 1.529217045626463
 65 0.4926662938745452 0.008381131557659741 1.2536775664320918
 69 0.5181588438680383 0.01024582585864353 1.8042018427420703
 78 0.582195604346304 0.00938908373597533 1.2796380221481092
 83 0.6144716851564618 0.00806150564990375 1.132224036762217
 88 0.6465036149483856 0.008810615484416355 1.0484417725772694
 93 0.6774753044637649 0.008421775789083555 1.1138719522668568
 104 0.7495071516442382 0.007552537539072343 1.1105056830205104
 119 0.8429308166995253 0.007081041002279486 1.2863680410093759
 125 0.8741789941304595 0.006932543848883663 1.2939780517486845
 128 0.8859322748351971 0.006830622189386101 1.0577191227639495
 132 0.9042781270730597 0.006728579310914073 1.1617155708021654
 135 0.916082698664282 0.006777146236270463 1.2491249362219428
 138 0.9277742452981927 0.006797610135914234 1.1613398564335153
 144 0.9580060297455957 0.006644125416995352 1.2492117677784702
 147 0.969489292631965 0.006685542108134541 1.1928852078321146
