 2 0.08315273719206588 0.08315273719206588 0.19535927921751084
 4 0.09453370893776701 0.01138097174570113 0.7268142359943216
 6 0.10090122574942209 0.006367516811655087 0.19880137548486396
 7 0.10726874256107718 0.006367516811655087 0.08706045143023947
 8 0.11424422576902529 0.006975483207948101 0.04356459994060215
 9 0.12248537925757627 0.008241153488550977 0.039080073238384055
 10 0.13261567593558754 0.010130296678011259 0.11420094463445352
 12 0.14129144996015036 0.008675774024562825 0.2396598355655205
 13 0.14996722398471318 0.008675774024562825 0.5399545949519923
 15 0.1567591336054086 0.00679190962069542 0.2898111276485547
 16 0.16355104322610403 0.00679190962069542 0.1843486780632346
 17 0.17058415584786277 0.00703311262175873 0.07554611714087822
 18 0.17837275592607219 0.007788600078209408 0.09137275706216731
 19 0.1873048416556337 0.008932085729561525 0.3066756270889241
 21 0.1942101899997947 0.006905348344160977 0.22115762532084485
 22 0.20111553834395568 0.006905348344160977 0.15022326460551838
 23 0.20843789890366643 0.007322360559710749 0.1431482540618146
 24 0.21637296158925576 0.007935062685589335 0.15854321518973205
 25 0.2249488874466673 0.008575925857411548 0.37256204136630505
 27 0.23144933624348452 0.0065004487968172145 0.2754096470074147
 28 0.23794978504030173 0.0065004487968172145 0.09415929236223775
 29 0.2449286175530395 0.006978832512737761 0.0504007643381036
 30 0.2530825010369828 0.008153883483943329 0.090251894701525
 31 0.2626293551363304 0.009546854099347586 0.5257471188386891
 33 0.26905450631428546 0.00642515117795507 0.23419310358524614
 34 0.2754796574922405 0.00642515117795507 0.15033558386171292
 35 0.2822731030752377 0.0067934455829971735 0.09941636288227894
 36 0.2897698471496647 0.007496744074427007 0.06999188135932621
 37 0.2983638050644746 0.008593957914809899 0.19787616278474118
 38 0.3078835490630149 0.009519743998540327 0.7188696586666133
 40 0.31373460735160086 0.005851058288585975 0.2911409183567841
 41 0.3195856656401868 0.005851058288585975 0.08751522810375702
 42 0.32587284889052703 0.006287183250340201 0.042940751814353924
 43 0.3333042093913727 0.007431360500845651 0.03588904923326734
 44 0.3424841135019544 0.009179904110581732 0.11069671427372467
 46 0.3505911671045021 0.008107053602547702 0.22451398260200017
 47 0.3586982207070498 0.008107053602547702 0.3072644158440759
 48 0.36698660461380656 0.008288383906756722 0.6177583997825381
 49 0.3750422275674344 0.008055622953627817 0.7389734245721667
 50 0.3825357321288508 0.007493504561416375 0.6935090969369702
 51 0.38946619959362244 0.006930467464771687 0.3265378023197829
 52 0.3961428722824083 0.006676672688785879 0.22730494403463514
 53 0.40294394992017435 0.0068010776377660336 0.10506414038011824
 54 0.41027563166057157 0.007331681740397215 0.1023838160699648
 55 0.4185000648336543 0.008224433173082746 0.10663971446353307
 56 0.4277191169548051 0.009219052121150765 0.2795283121252801
 58 0.4348747928940809 0.007155675939275805 0.25464085645320406
 59 0.44203046883335667 0.007155675939275805 0.13193238547822603
 60 0.4496140506698288 0.007583581836472116 0.11381279986379565
 61 0.45798078695173067 0.00836673628190186 0.15845668838902205
 62 0.4671275859977692 0.00914679904603855 0.3365648031911003
 64 0.4740762400817885 0.006948654084019263 0.250893609062367
 65 0.4810248941658078 0.006948654084019263 0.11183580689694378
 66 0.4884556134768546 0.007430719311046855 0.06043400718537344
 67 0.4969862273723441 0.00853061389548948 0.1293208547627117
 68 0.5067090183524122 0.009722790980068107 0.3694813785021506
 69 0.5168334449602972 0.01012442660788491 0.610483436637653
 71 0.5230307655596081 0.006197320599310943 0.2803860634059868
 72 0.5292280861589191 0.006197320599310943 0.06495545213692544
 73 0.5359998834839594 0.006771797325040251 0.09330963322440561
 74 0.5438162783658808 0.007816394881921285 0.1964239611961226
 75 0.552354537266935 0.008538258901054231 0.34785181373750446
 76 0.5610879594235596 0.008733422156624693 0.44211705348658714
 77 0.5696659008834625 0.008577941459902906 0.43983109465234543
 78 0.5779928870924013 0.008326986208938758 0.3900581253161599
 79 0.5861270438199999 0.008134156727598636 0.518562282184452
 80 0.5940076957786309 0.007880651958630996 0.41944131553899555
 81 0.6016150755619166 0.007607379783285763 0.3656510878633049
 82 0.6090880481799057 0.007472972617989023 0.30707560497998626
 83 0.6165443379173572 0.0074562897374514546 0.4389484882801583
 84 0.623916330307586 0.0073719923902287885 0.38952146183410213
 85 0.6311188271164107 0.0072024968088246905 0.244215684260221
 86 0.6383650687640113 0.007246241647600646 0.4397827084962502
 87 0.6456112171159434 0.0072461483519320365 0.40650210058800806
 88 0.6526750067856265 0.007063789669683145 0.2894456179527326
 89 0.6597065599958953 0.007031553210268877 0.41538850607717326
 90 0.6666984597802443 0.006991899784349017 0.3739233916166811
 91 0.6735624800676965 0.006864020287452098 0.27275992125624393
 92 0.6804441746117581 0.0068816945440616315 0.405454997910579
 93 0.6873157169181247 0.006871542306366594 0.3799231573431777
 94 0.6940643762802917 0.0067486593621670895 0.24571697996022043
 95 0.7008604165257766 0.006796040245484826 0.4224596829785244
 96 0.707667952005556 0.006807535479779382 0.38755472618536263
 97 0.7143333997466469 0.0066654477410908785 0.2798916402551131
 98 0.7209954541219121 0.006662054375265264 0.4451029499600835
 99 0.7276081821528443 0.006612728030932145 0.32712711162805375
 100 0.7341209699966917 0.006512787843847476 0.31955214613798505
 101 0.7406424927018507 0.006521522705158981 0.4217188622267852
 102 0.7470903559595674 0.006447863257716789 0.252612189964024
 103 0.7535407603982327 0.006450404438665327 0.38106896263250367
 104 0.7600264929974 0.006485732599167247 0.3289623316259807
 105 0.7664622044174991 0.006435711420099139 0.28417282393689514
 106 0.7729426535739905 0.006480449156491377 0.4693914671833576
 107 0.7793531883484218 0.006410534774431267 0.2665359033520239
 108 0.785714910898211 0.0063617225497891285 0.3537720405988885
 109 0.7921180914345483 0.006403180536337207 0.39298042311930637
 110 0.7984390958936932 0.006321004459144918 0.24657380578891214
 111 0.8047926274687921 0.006353531575098855 0.4810987476320394
 112 0.8111145785691953 0.006321951100403287 0.25711593081834677
 113 0.8173919521885502 0.006277373619354863 0.3401095785475169
 114 0.8237340880261863 0.0063421358376361025 0.4339623069965561
 115 0.8299761364582129 0.006242048432026546 0.2329948691224738
 116 0.8362369707346381 0.006260834276425212 0.481629430411427
 117 0.842484009966802 0.0062470392321638465 0.25189337486662894
 118 0.8486930255092511 0.006209015542449083 0.37325537830347727
 119 0.8549434079159569 0.006250382406705846 0.4116158745549221
 120 0.8610828213343658 0.0061394134184088915 0.23311959296708207
 121 0.8672568454504946 0.006174024116128938 0.5007379325354477
 122 0.8734051285182193 0.006148283067724664 0.23739405862111698
 123 0.8795222180305119 0.006117089512292604 0.4209028667215101
 124 0.885661353841077 0.006139135810565109 0.3471324473706482
 125 0.8917066629343868 0.006045309093309786 0.2506803879993461
 126 0.8978158395939821 0.006109176659595311 0.4812905999211296
 127 0.9038895110742498 0.006073671480267653 0.24012114068937954
 128 0.9099408907740224 0.006051379699772603 0.4857338444509306
 129 0.9159672908783422 0.006026400104319728 0.24390876485674734
 130 0.9219641199621402 0.005996829083798105 0.37522246801579123
 131 0.9280090438081731 0.0060449238460328816 0.3930954517189006
 132 0.933958765185508 0.005949721377334995 0.22452276202669957
 133 0.9399670936658439 0.006008328480335818 0.49678759565631636
 134 0.9459639977909715 0.005996904125127668 0.25004927783581327
 135 0.9519173598547551 0.005953362063783588 0.4930321127234991
 136 0.9578297387831083 0.005912378928353154 0.22431178217197884
 137 0.963733392687087 0.005903653903978701 0.3910643920183606
 138 0.9696970245632673 0.005963631876180292 0.36835346596258023
 139 0.9755736807506941 0.0058766561874267105 0.2535891234208531
 140 0.9814914155046094 0.005917734753915312 0.47629481489455633
 141 0.9873744334378493 0.0058830179332398196 0.23921743972933762
 142 0.9932400238327491 0.005865590394899898 0.5087533685242116
 143 0.9966200119163746 0.0033799880836254403 0.014343172757826816
 144 1.0 0.003379988083625385 0.029735599203880324
