 2 0.09245548821965427 0.09245548821965427 0.4198670221039281
 5 0.10191832840348938 0.009462840183835117 0.5337615797012479
 7 0.11006126591594009 0.00814293751245071 0.5149374938542491
 8 0.1182042034283908 0.00814293751245071 0.7553819039011044
 9 0.1259558598526264 0.007751656424235594 0.5947407606999243
 10 0.13369640385914539 0.007740544006518991 0.5408290198359343
 11 0.14157414667014845 0.007877742811003062 0.5512384193464482
 12 0.1495610111763232 0.007986864506174743 0.6409500379299852
 13 0.1574179640659921 0.0078569528896689 0.9112134786469784
 14 0.16462232171464772 0.007204357648655629 0.6000236262452889
 15 0.17180363883006078 0.007181317115413047 0.6117379842380998
 16 0.1789343613599369 0.007130722529876119 0.48330378552228237
 17 0.18635650976418908 0.007422148404252168 0.4552850682182114
 18 0.1941747720788638 0.00781826231467472 0.8065005270154845
 19 0.20152059269080969 0.007345820611945883 0.6455163582503503
 20 0.20873667669712237 0.007216084006312683 0.6605946978919899
 21 0.21579265891094743 0.007055982213825068 0.3488098455089862
 22 0.22363124508061152 0.007838586169664102 0.45552327501439854
 23 0.23188730696294152 0.008256061882330001 0.841746855050344
 24 0.23957846259450993 0.007691155631568406 0.7947172234098953
 26 0.2458773377934201 0.006298875198910179 0.5398402886727195
 27 0.2521762129923303 0.006298875198910179 0.12367602863632159
 28 0.26076166468106354 0.00858545168873326 0.1900561789739788
 30 0.2692841623729244 0.008522497691860864 0.55012336679917
 32 0.27685434927814007 0.007570186905215662 0.5366754953341428
 33 0.2844245361833557 0.007570186905215662 0.6790295924649805
 34 0.2917861350653003 0.007361598881944601 0.9292996224017512
 35 0.29850985022441806 0.006723715159117734 0.4396285703102769
 36 0.3056421071315331 0.007132256907115036 0.4045369590380503
 37 0.31333450222887693 0.007692395097343829 0.396040793967817
 38 0.3216662652332271 0.008331763004350165 0.9465634262104677
 39 0.32924817288307223 0.007581907649845117 0.9898756702128235
 40 0.33608638828390097 0.006838215400828737 0.5096139515232045
 41 0.3431290379540461 0.00704264967014513 0.30965956146893764
 42 0.3511406275661047 0.008011589612058593 0.5528410004276586
 43 0.35925847849651105 0.008117850930406331 0.610483592074568
 45 0.36645394661663916 0.007195468120128097 0.5649359100167851
 46 0.37364941473676727 0.007195468120128097 0.42149613968659627
 47 0.3813465898790467 0.007697175142279405 0.3685901806393626
 48 0.38980392169231703 0.008457331813270354 0.5294068834914673
 50 0.3972221216057119 0.007418199913394887 0.5708386968224657
 51 0.4046403215191068 0.007418199913394887 0.4674418010382889
 52 0.4124133767143321 0.007773055195225316 0.3602785419333286
 53 0.42099303332639737 0.008579656612065301 0.5874737918721479
 55 0.4282033973297372 0.007210364003339829 0.5173069812844633
 56 0.4354137613330771 0.007210364003339829 0.3165543156549897
 57 0.44358025105043725 0.008166489717360148 0.39206105431461513
 58 0.4524433678971645 0.008863116846727262 0.6060890813318863
 60 0.45940591415772114 0.006962546260556629 0.47885563536821
 61 0.4663684604182778 0.006962546260556629 0.12066168903459142
 62 0.4759040307592257 0.00953557034094795 0.43578073443350285
 64 0.48428516231688545 0.008381131557659741 0.5762035196490238
 66 0.49149661186325644 0.007211449546370958 0.5365706322209359
 67 0.4987080614096274 0.007211449546370958 0.17306169670349442
 68 0.5079130180093948 0.009204956599767437 0.3454228619519408
 70 0.5161145160167787 0.008201498007383873 0.46987143740004356
 71 0.5243160140241626 0.008201498007383873 0.40455164804406213
 72 0.5331615598901449 0.008845545865982336 0.8492664278713964
 73 0.5413872388736547 0.008225678983509784 0.7731204345606424
 74 0.5491814174292379 0.007794178555583195 0.7694118455489432
 75 0.5565738319970653 0.007392414567827413 0.5632728964707014
 76 0.5640363436481988 0.007462511651133458 0.2628845107013386
 77 0.5728065206103287 0.00877017696212988 0.4198351887539089
 79 0.5808523760848087 0.008045855474480054 0.5134038633998695
 80 0.5888982315592887 0.008045855474480054 0.3428421632869241
 81 0.5978672885510431 0.00896905699175441 0.753255889347292
 82 0.6064101795065581 0.008542890955515024 0.7892059845135241
 84 0.6134887738323551 0.0070785943257971 0.5408152441107518
 85 0.6205673681581522 0.0070785943257971 0.23387103452460334
 86 0.6290815377981495 0.008514169639997248 0.5578782269580297
 87 0.6376929994639693 0.008611461665819798 0.526700199034797
 89 0.6455488211101045 0.00785582164613522 0.5521622753527952
 90 0.6534046427562397 0.00785582164613522 0.6046902835423378
 91 0.6612232163825209 0.007818573626281243 0.5860771398667238
 92 0.6690535286746814 0.007830312292160463 0.4102201958017093
 94 0.6764725834149787 0.007419054740297328 0.5600984838583525
 95 0.6838916381552761 0.007419054740297328 0.6067919627005877
 96 0.6912703937717395 0.007378755616463391 0.4859855732891423
 97 0.6989422203925963 0.007671826620856865 0.7072544300268455
 98 0.7063421540135778 0.007399933620981411 0.7678937843897116
 99 0.7133634166020576 0.00702126258847981 0.49969117998742374
 100 0.7206230721997446 0.007259655597687044 0.5017039416886949
 101 0.7281231842501804 0.007500112050435808 0.9422598956833756
 102 0.7349544993334445 0.006831315083264052 0.5226436332194998
 103 0.7419546141051658 0.0070001147717213405 0.40382333198172815
 105 0.748611938529042 0.006657324423876168 0.5526710705466307
 106 0.7552692629529181 0.006657324423876168 0.44990976230497476
 107 0.7622985482010319 0.0070292852481138755 0.5304445836437247
 108 0.7694802159975697 0.0071816677965377785 0.9894490799842514
 109 0.7759580072029586 0.006477791205388934 0.42397136096450433
 110 0.7828793645247126 0.006921357321754062 0.5575247167597003
 111 0.7898807001937616 0.007001335669048926 0.9832247781292398
 112 0.79620378946464 0.00632308927087843 0.358535200099099
 113 0.8031897749406787 0.0069859854760387025 0.6685484257370634
 114 0.8100044344433635 0.0068146595026847305 0.9376914734778491
 115 0.8162174439330839 0.006213009489720466 0.31099715666447203
 116 0.8232791872469585 0.007061743313874577 0.9962580286519221
 117 0.8296400991985039 0.006360911951545412 0.6659890379797623
 118 0.8358497756972458 0.006209676498741901 0.3059374138782545
 120 0.841911455270003 0.0060616795727572075 0.5616699303078152
 121 0.8479731348427602 0.0060616795727572075 0.3083432654426864
 122 0.8548746413340367 0.006901506491276542 0.9497235975993361
 123 0.8611508386750154 0.006276197340978736 0.6833032745682808
 124 0.8672464502815759 0.006095611606560497 0.31004397073192075
 126 0.8731740514636934 0.005927601182117574 0.5629483756900892
 127 0.879101652645811 0.005927601182117574 0.2902349341365944
 129 0.8851813616555368 0.006079709009725889 0.551436870916502
 130 0.8912610706652627 0.006079709009725889 0.49876045429169086
 131 0.8975495477621456 0.006288477096882888 0.42098351082805624
 133 0.9034275500950786 0.005878002332932961 0.5815662540322388
 134 0.9093055524280116 0.005878002332932961 0.289443648658262
 136 0.9151410937951451 0.005835541367133469 0.5649938979939921
 137 0.9209766351622786 0.005835541367133469 0.27487747721110495
 139 0.9269153245306656 0.005938689368387093 0.5499793137156894
 140 0.9328540138990526 0.005938689368387093 0.4368928122615871
 141 0.9391614081973871 0.006307394298334468 0.5630409987134402
 142 0.9455291354820441 0.006367727284656992 0.9159636038276447
 143 0.9513619043286003 0.005832768846556313 0.30758765152698225
 145 0.9570828274262154 0.005720923097615074 0.563666207906782
 146 0.9628037505238305 0.005720923097615074 0.27046786856477745
 148 0.9686134439952254 0.005809693471394967 0.553718218905915
 149 0.9744231374666203 0.005809693471394967 0.3775684084901131
 150 0.9807760010207466 0.006352863554126258 0.7425921105904576
 151 0.9868442777519079 0.006068276731161239 0.7368956504026251
 152 0.9926496458972736 0.005805368145365724 0.3128060123101509
 153 0.9963248229486368 0.003675177051363221 0.06264844981376659
 154 1.0 0.003675177051363221 0.029512995559718907
