 2 0.02689052456304881 0.02689052456304881 0.09713040211831188
 4 0.0409619791558211 0.014071454592772292 0.20124533642556736
 6 0.04997880668424141 0.009016827528420304 0.36280914991473917
 7 0.05852807988669079 0.008549273202449376 0.9182353612876337
 8 0.06599088546115033 0.007462805574459542 0.4131115679663771
 9 0.07383621836755247 0.007845332906402144 0.3930340089124931
 11 0.07985139770638752 0.00601517933883505 0.2783531706779374
 12 0.08586657704522258 0.00601517933883505 0.027709285068209997
 13 0.09422668764206688 0.008360110596844298 0.04933709908311086
 14 0.10316989405647649 0.008943206414409611 0.08188932532178517
 15 0.11250285497881579 0.009332960922339298 0.5202699307592206
 16 0.12033556818377547 0.00783271320495968 0.3388368533985864
 17 0.12842536456488685 0.008089796381111371 0.6959571620217622
 19 0.13362031822446788 0.005194953659581037 0.430162251781267
 20 0.1388152718840489 0.005194953659581037 0.11961399651994144
 21 0.14492666737475637 0.006111395490707457 0.054276641980036594
 22 0.15217514746705635 0.007248480092299967 0.0971799144674694
 23 0.15961700930817224 0.00744186184111588 0.05025961514975346
 24 0.16839240898953126 0.008775399681359018 0.19016023117970823
 25 0.17654374315328905 0.008151334163757788 0.19361615250955755
 26 0.18494438447891928 0.008400641325630233 0.6694113001405536
 28 0.18993711942267852 0.004992734943759249 0.29673533259769996
 29 0.19492985436643775 0.004992734943759249 0.10210011453481527
 30 0.20075953791285642 0.005829683546418659 0.06064339962402031
 31 0.20748297046117772 0.00672343254832131 0.05386640046468721
 32 0.2150459596699447 0.007562989208766979 0.06928055891951708
 33 0.22318223542347257 0.00813627575352787 0.09676475595877858
 34 0.23170533266946983 0.008523097245997266 0.16505196037105443
 35 0.24021504580499886 0.008509713135529047 0.21665222912450954
 36 0.2487508555696336 0.008535809764634745 0.9153730083067003
 37 0.2559055724177852 0.007154716848151629 0.6219864276475089
 38 0.2630065474167411 0.007100974998955928 0.4826410074097466
 39 0.27008665835367646 0.007080110936935353 0.1433342034634651
 40 0.27828347223335675 0.008196813879680288 0.16250038708702771
 41 0.28674715216313346 0.008463679929776707 0.39918880892578257
 42 0.29453128055617595 0.007784128393042492 0.3801525471977425
 43 0.30227656110247597 0.007745280546300047 0.6181172313320172
 44 0.3094483374768968 0.007171776374420874 0.4360747959552596
 45 0.31669771671929825 0.007249379242401452 0.5082560918692814
 46 0.32367270001824 0.006974983298941764 0.22381041216577724
 47 0.3312925659689302 0.007619865950690188 0.14936021879199982
 48 0.3395425468811371 0.008249980912206915 0.2870131574653407
 49 0.34743506450163775 0.007892517620500658 0.19967918688031452
 50 0.3558049699907297 0.00836990548909196 0.39963463018591616
 51 0.363629388279173 0.007824418288443305 0.4559981612926121
 52 0.37121967657453736 0.00759028829536433 0.7368443435900753
 53 0.3781778064884061 0.006958129913868743 0.27328386486785194
 54 0.38579255939784846 0.007614752909442342 0.21618152020949113
 55 0.39374745058365157 0.00795489118580314 0.26765882315271955
 56 0.40166307738253165 0.007915626798880068 0.3001469195810881
 57 0.4095479029281133 0.007884825545581663 0.5383132361377508
 58 0.41685216743514597 0.007304264507032627 0.20070683580498933
 59 0.42499131697458753 0.008139149539441535 0.38444620062806306
 60 0.43264450198575993 0.007653185011172413 0.27231319382140284
 61 0.44059957739917177 0.00795507541341185 0.35469343894158256
 62 0.4483512954978853 0.007751718098713532 0.2708302414971575
 63 0.4563631728673102 0.008011877369424904 0.43825408196744825
 64 0.46393920119312315 0.007576028325812924 0.26881224548892035
 65 0.4719114138854682 0.007972212692345052 0.42304400877705206
 66 0.479482752440631 0.007571338555162771 0.2854582377019852
 67 0.4873610472260889 0.007878294785457944 0.45742458627895993
 68 0.4947974801600028 0.0074364329339139034 0.3352890986130453
 69 0.5024105186900862 0.007613038530083461 0.3485605070939033
 70 0.5099718739787977 0.007561355288711533 0.40292822978969933
 71 0.5173539329834533 0.007382059004655632 0.3978316416364307
 72 0.5246580018956473 0.007304068912193906 0.3807877494833505
 73 0.5319219409942659 0.00726393909861868 0.4221787735162565
 74 0.5390174702413777 0.007095529247111714 0.34004120380397435
 75 0.5462208607715888 0.007203390530211114 0.4661917236369865
 76 0.5530977332876696 0.006876872516080863 0.3714489292093366
 77 0.5600482519662857 0.006950518678616082 0.3874639042959046
 78 0.5669060367528888 0.006857784786603063 0.43375170536473723
 79 0.5735888018853252 0.006682765132436536 0.40988033298234827
 80 0.5802123473832291 0.006623545497903881 0.36073044906228696
 81 0.5868654541186088 0.0066531067353796354 0.4014132540967369
 82 0.5933820920338013 0.006516637915192482 0.4851033986877645
 83 0.5996514515463803 0.006269359512579053 0.37873273745069885
 84 0.605990882380232 0.006339430833851697 0.33904671590596513
 85 0.6123736281190494 0.006382745738817346 0.5114222024007289
 86 0.6183872151027385 0.00601358698368916 0.3626839138209614
 87 0.624530895850366 0.006143680747627475 0.5451397621895113
 88 0.6302987680043365 0.005767872153970436 0.33412944825397833
 89 0.636289958967077 0.005991190962740465 0.4408213589371068
 90 0.6420464632905816 0.0057565043235045955 0.4043455998894946
 91 0.6477702239759596 0.005723760685378052 0.2895171829331
 92 0.6536928294851269 0.005922605509167234 0.6888338363078244
 93 0.6589783560435497 0.005285526558422807 0.32968116548628934
 94 0.6645826865805772 0.0056043305370275225 0.7977253951214229
 95 0.6695338099428466 0.0049511233622694046 0.28031209379185207
 96 0.6749672969910532 0.0054334870482065575 0.5673256817601292
 97 0.6799367102054538 0.004969413214400566 0.3210518103770612
 98 0.6851440317346468 0.005207321529192955 0.4381679839452105
 99 0.6901356388468579 0.00499160711221118 0.21794326183211754
 100 0.695544564717151 0.005408925870293104 0.36616692577579923
 101 0.7006991576545558 0.005154592937404865 0.2017302160399791
 102 0.7062649978679809 0.0055658402134251385 0.3624683289238554
 103 0.7115439390733205 0.005278941205339517 0.17144237932848042
 104 0.7173703654659856 0.005826426392665215 0.36538718375390844
 105 0.7228189514749245 0.005448586008938878 0.1744432149203254
 106 0.728821903424687 0.00600295194976253 0.3774885903069626
 107 0.734417801096135 0.005595897671447963 0.16443990926266744
 108 0.7406502705749057 0.006232469478770719 0.3656613449002266
 109 0.7464585689130945 0.0058082983381887495 0.1758119696993161
 110 0.7528512337357828 0.006392664822688341 0.3951960026883284
 111 0.7587760428851092 0.005924809149326512 0.23552037325804479
 112 0.7650747848315759 0.006298741946466592 0.38517878661103244
 113 0.7710720676289552 0.005997282797379308 0.40008365882377955
 114 0.7769799728695064 0.005907905240551185 0.38685736225383155
 115 0.7828450735901337 0.00586510072062733 0.5241251550625031
 116 0.7884104011834919 0.005565327593358224 0.3945176324694093
 117 0.7940405927852592 0.005630191601767273 0.5538628526317226
 118 0.7993502471912889 0.005309654406029665 0.2154143583675158
 119 0.8052220046602694 0.005871757468980495 0.4132286705869085
 120 0.8107186851803883 0.005496680520118832 0.19288907649028786
 121 0.8167491310616578 0.006030445881269557 0.2934544721715887
 122 0.8226192381951289 0.0058701071334711875 0.26027562600528237
 123 0.8286284169351392 0.0060091787400102775 0.2508730406478708
 124 0.8347526680464616 0.006124251111322408 0.28179039564713276
 125 0.8408754196272235 0.006122751580761859 0.20855138029222167
 126 0.8473196776460213 0.006444258018797943 0.28088939054193696
 127 0.8536706778470637 0.006351000201042347 0.1781461302957681
 128 0.8605023758177498 0.006831697970686033 0.2873999080638119
 129 0.8671295843846617 0.006627208566911896 0.2775232815202374
 130 0.873841934016063 0.006712349631401331 0.2039371546282979
 131 0.8809202584684467 0.007078324452383633 0.2564968874341228
 132 0.8879728004183934 0.007052541949946772 0.3156114960386729
 133 0.8949249315333837 0.006952131114990225 0.2150545012670668
 134 0.902277073073139 0.007352141539755302 0.2748596500447579
 135 0.9095627385538367 0.007285665480697717 0.3380659794512982
 136 0.9167153580309184 0.007152619477081706 0.2199832975459029
 137 0.9242971226732993 0.007581764642380919 0.32891543840984283
 138 0.9316371535523406 0.007340030879041224 0.31829810041264955
 139 0.9390093152824401 0.00737216173009953 0.3247302245749791
 140 0.9463736817909322 0.0073643665084920555 0.28601779429549407
 141 0.9538741600334889 0.0075004782425567235 0.28898417082146627
 142 0.9614251695441296 0.007551009510640748 0.42574752786526704
 143 0.9686316670576527 0.00720649751352313 0.2188617370677102
 144 0.9764181647115261 0.007786497653873452 0.3272371658302967
 145 0.9839587169191346 0.00754055220760851 0.43032939798446057
 146 0.9912162496528301 0.007257532733695459 0.32759283955190405
 147 0.995608124826415 0.004391875173584969 0.018798930687111984
 148 1.0 0.004391875173584969 0.027410815934909464
