 0 1.0 1.0 12085.023846017353
 2 0.3454571897227945 0.17272859486139724 3758683.1856924896
 3 0.19068039543053344 0.017951800569136186 3.8814749885153144
 5 0.19480142500818065 0.011036415073391691 2.33787371090204
 18 0.28544624358465326 0.01123088919940379 6.543772859418088
 24 0.3240893742352555 0.010910098943872059 9.283695087073303
 30 0.3581664105815972 0.010162331749331073 2.3425194095995625
 36 0.39443514173690647 0.008765804087332296 1.1841550414362236
 42 0.4348641694500288 0.010092069615500968 1.7191618907505966
 49 0.4805449447552765 0.008978077195504643 1.059125454156312
 56 0.5281204475524885 0.009138422555796695 1.715459067961902
 62 0.5682919191661788 0.011128895145673001 1.9184946197848727
 83 0.7266639562223002 0.008839434518325058 2.3347047568116976
 90 0.7755751398512977 0.010646281085813555 2.604960983637579
