 1 0.17272859486139724 0.17272859486139724 0.08358135577111757
 4 0.18376500993478895 0.011036415073391691 0.19121911032113725
 6 0.1912868240222174 0.0075218140874284386 0.2435498670666301
 7 0.1987969943911792 0.007510170368961803 0.24336636864058586
 8 0.20644286824654182 0.007645873855362619 0.30598524220840545
 9 0.21398088338626542 0.007538015139723614 0.31223571573719083
 10 0.2215285460022551 0.007547662615989698 0.3948630820857031
 11 0.22885335875000612 0.007324812747751028 0.4411451413231347
 12 0.23598514824070232 0.007131789490696204 0.356190737017167
 13 0.24320380513578183 0.007218656895079503 0.31582319512475393
 14 0.2505083940930859 0.0073045889573040475 0.27774103225231933
 15 0.25796203374164856 0.007453639648562638 0.40699133754561384
 16 0.26509791473580574 0.007135880994157207 0.2987534442937034
 17 0.27245315017775973 0.007355235441953987 0.36842132526704546
 18 0.279635405247437 0.007182255069677284 0.25406868614675004
 19 0.2871481540825125 0.0075127488350754746 0.34253446794213066
 20 0.29446399119611144 0.007315837113598975 0.20808968162948335
 21 0.30228748919638004 0.00782349800026862 0.33618327576300455
 22 0.3098049230683967 0.007517433872016664 0.27165716472529106
 23 0.3175381170833999 0.007733194015003208 0.4319441639505677
 24 0.32486725979362163 0.007329142710221715 0.3224656194684641
 25 0.33237702183537804 0.0075097620417563845 0.5058341092750209
 26 0.3394349803017506 0.0070579584663725565 0.23660324272820593
 27 0.3470829177164628 0.007647937414712222 0.3985735364587864
 28 0.3543327369722224 0.007249819255759586 0.2230115406970758
 29 0.3621044440729447 0.007771707100722293 0.2768389352260627
 30 0.3698205435369697 0.007716099464025015 0.25854617500036947
 31 0.377690047740961 0.007869504203991313 0.2620933091180379
 32 0.38565702391684553 0.00796697617588455 0.32348131578932193
 33 0.39349706340148494 0.007840039484639414 0.282394980831869
 34 0.4014938024176092 0.007996739016124249 0.39772281655312114
 35 0.4091845633930861 0.007690760975476956 0.26165157217297963
 36 0.417245353911536 0.008060790518449866 0.35814216278245586
 37 0.42506443544428885 0.007819081532752863 0.35008263672931783
 38 0.4328667471099593 0.007802311665670456 0.28860543331217825
 39 0.440851120827225 0.007984373717265684 0.6866322857083073
 40 0.44797802800015474 0.0071269071729297626 0.3094361475840707
 41 0.4556001295867247 0.00762210158656993 0.46710227895644424
 42 0.46282009881816605 0.007219969231441383 0.21646501141697114
 43 0.47069122094478555 0.007871122126619497 0.27898044989705
 44 0.47847901358236145 0.007787792637575906 0.2529981756144107
 45 0.4864507031267452 0.007971689544383768 0.2844174308559013
 46 0.4944154668131154 0.007964763686370191 0.3260268584605423
 47 0.5022960971777757 0.007880630364660315 0.3072034453031792
 48 0.51024502492279 0.007948927745014272 0.39199966435014105
 49 0.5179570888648419 0.007712063942051878 0.2514539074482306
 50 0.5260758778683944 0.008118789003552505 0.4656343962434272
 51 0.5336431750601042 0.00756729719170975 0.2431214333639962
 52 0.5417580782013623 0.008114903141258218 0.4999560379554454
 53 0.5492267884354993 0.007468710234136949 0.2533349559556684
 54 0.5572353972206691 0.008008608785169754 0.36912007523683243
 55 0.5649511454674205 0.0077157482467515295 0.27399316333858476
 56 0.5729383236723472 0.007987178204926625 0.2732683846873037
 57 0.5810147081243485 0.008076384452001362 0.31454811817417483
 58 0.5890203279647425 0.008005619840393937 0.29911142895170617
 59 0.5971023545420837 0.008082026577341202 0.447046236374969
 60 0.6047842641088791 0.007681909566795421 0.27500065793246914
 61 0.6128550010298893 0.008070736921010282 0.4266498299901648
 62 0.6205247568325877 0.0076697558026983005 0.2233348104393314
 63 0.6287897909162874 0.008265034083699666 0.39653479450620555
 64 0.6365941171770134 0.007804326260726064 0.2674052940052469
 65 0.6447471281454453 0.008153010968431901 0.3716489405272489
 66 0.6526284924360521 0.00788136429060682 0.2911700862942695
 67 0.6607223916645578 0.008093899228505692 0.33340573585898103
 68 0.6687207408514122 0.007998349186854365 0.3101839309151313
 69 0.6767919476224546 0.008071206771042474 0.3152802855413388
 70 0.6848713169070633 0.008079369284608569 0.37048198239679253
 71 0.6927885440683941 0.007917227161330821 0.2984488639475165
 72 0.7008891823376785 0.008100638269284394 0.3985849149973991
 73 0.7087120218620745 0.007822839524396049 0.3059473609528184
 74 0.7167351172291233 0.008023095367048835 0.3626543561797289
 75 0.7246018057578755 0.007866688528752172 0.29421282856224523
 76 0.7326530926372326 0.008051286879357078 0.33572263902380023
 77 0.7406082358125329 0.0079551431753003 0.30603241258031894
 78 0.7486554572419598 0.008047221429426972 0.3401322431624531
 79 0.7566171184536888 0.007961661211729023 0.3202573187175141
 80 0.7646282273686208 0.008011108914931984 0.33363435252143214
 81 0.7726045305597157 0.007976303191094885 0.3234867366889008
 82 0.7806067490031898 0.008002218443474166 0.32100502414243326
 83 0.7886237928810396 0.008017043877849735 0.3311173156749875
 84 0.7966159633595743 0.007992170478534684 0.31705246409947285
 85 0.8046518152227844 0.00803585186321006 0.34036805391248404
 86 0.8126239860509722 0.007972170828187798 0.31158654182831547
 87 0.8206769998174608 0.008053013766488617 0.3535357383783348
 88 0.8286128083489215 0.00793580853146067 0.3000465649563442
 89 0.836696061918092 0.008083253569170465 0.37685181291164827
 90 0.8445669743397066 0.007870912421614647 0.2791819666216201
 91 0.852706893596238 0.008139919256531365 0.39430938217449457
 92 0.8605376361881946 0.00783074259195661 0.25771777347613284
 93 0.8687568918481939 0.00821925565999933 0.42124493603688656
 94 0.8765412326486106 0.007784340800416678 0.24456594526562594
 95 0.8848154644851169 0.008274231836506295 0.446989752011567
 96 0.892554648403989 0.007739183918872095 0.2318363994630554
 97 0.9008819783165599 0.008327329912570909 0.4737335462566464
 98 0.9085748741575995 0.007692895841039639 0.233538920433141
 99 0.9168824091382674 0.008307534980667853 0.47209648541859567
 100 0.9245652220975343 0.007682812959267027 0.22643650716592334
 101 0.9328954566005797 0.008330234503045425 0.47122927913297263
 102 0.9405822552859854 0.007686798685405674 0.22247673782656005
 103 0.9489361588274323 0.00835390354144695 0.4767482250727814
 104 0.9566214253631228 0.007685266535690458 0.2937627568175388
 105 0.9646627218369335 0.008041296473810692 0.3844473839682986
 106 0.9724577325180958 0.0077950106811622705 0.20700589425817187
 107 0.9808770301107763 0.00841929759268056 0.42836997030935553
 108 0.988694047678877 0.007817017568100769 0.491411006843429
 109 0.9943470238394385 0.005652976160561485 0.10127321949784422
 110 1.0 0.005652976160561485 0.051628544209180664
