 0 1.0 1.0 3633584.289380447
 1 0.10414442461247797 0.10414442461247797 1.0141720401871144
 3 0.16630547438413176 0.08315273719206588 106728.97894500989
 5 0.10591468068346814 0.01138097174570113 6.380805906485893
 11 0.1444878016509355 0.011872125715347959 1.5901000789247752
 14 0.15856241691414957 0.008595192929436382 1.0687933532825116
 20 0.19685722488098362 0.009552383225349893 1.6805639494444264
 26 0.23378492835162562 0.008836040904958322 1.5367428904331082
 32 0.2725740417759204 0.009944686639589945 2.9963891895182817
 39 0.3172703623931726 0.009386813330157682 3.611305735601424
 45 0.35330474178760074 0.010820628285646313 1.4003408906153294
 57 0.43754800063209626 0.009828883677291159 1.6209185612026455
 63 0.4766000636639139 0.009472477666144678 1.5594398727476604
 70 0.5265890435912743 0.009755598630977224 3.2715520555686983
