 2 0.02689052456304881 0.02689052456304881 0.09713040211831188
 4 0.0409619791558211 0.014071454592772292 0.20124533642556736
 6 0.04998197943349949 0.009020000277678386 0.36352544395665193
 8 0.05699722708980093 0.007015247656301439 0.3102917013755428
 9 0.06401247474610236 0.007015247656301439 0.061217248881145145
 10 0.07166194320291026 0.0076494684568079035 0.04796989088056556
 11 0.08081473764981151 0.009152794446901251 0.29933150264843494
 13 0.08827733294673218 0.00746259529692067 0.3355762259056755
 14 0.09573992824365285 0.00746259529692067 0.26499615630516327
 15 0.10327319445995622 0.007533266216303382 0.15644446653843094
 16 0.11117350798970525 0.007900313529749027 0.2309173555242247
 17 0.1195159361008517 0.00834242811114645 0.21542515426313102
 19 0.12640127251261887 0.006885336411767164 0.2563857056558077
 20 0.13328660892438604 0.006885336411767164 0.16388521850518362
 21 0.14050257783765238 0.007215968913266342 0.3351883980086018
 22 0.1479644331562991 0.007461855318646712 0.32911168363727045
 23 0.15541621622864052 0.007451783072341441 0.17736700518482645
 24 0.16309855316466937 0.007682336936028855 0.1701349397549361
 25 0.1712840581902722 0.00818550502560283 0.42130729383281335
 26 0.1796366363237973 0.008352578133525102 0.7511689074338712
 28 0.185267353184672 0.005630716860874694 0.23926094556053357
 29 0.19089807004554668 0.005630716860874694 0.13891948429128173
 30 0.1968686899372798 0.005970619891733126 0.040885072161455996
 31 0.2037826119756448 0.006913922038364981 0.030462139003178203
 32 0.2124135235994372 0.008630911623792387 0.08521390356539853
 33 0.22280392769738627 0.010390404097949087 0.5199747418322199
 35 0.23030192034239755 0.007497992645011283 0.23570561803075965
 36 0.23779991298740882 0.007497992645011283 0.19274138365235619
 37 0.24562735424306312 0.00782744125565429 0.3548155610622215
 38 0.25363335282533966 0.008005998582276528 0.7574006742636259
 39 0.2612804656686015 0.00764711284326186 0.5416589596787043
 40 0.2684320200839938 0.007151554415392287 0.24482505477089883
 41 0.2755084855848234 0.007076465500829586 0.13845892489167388
 42 0.2830047588713202 0.0074962732864968 0.08870177828081381
 43 0.29135846282164857 0.008353703950328363 0.21256782131201843
 44 0.3004707566752161 0.00911229385356756 0.7327618755932975
 46 0.3069997358484072 0.006528979173191066 0.2365926042587081
 47 0.31352871502159824 0.006528979173191066 0.2150172910486088
 48 0.32030613857947143 0.006777423557873184 0.08097660607602071
 49 0.3277284552264024 0.007422316646931015 0.15667375829412242
 50 0.3359863664637165 0.00825791123731407 0.17590649514015388
 51 0.3448250895276289 0.008838723063912427 0.36619870579867647
 52 0.35389251458918697 0.009067425061558053 0.4344271450515538
 53 0.3627834519947143 0.00889093740552732 0.5733543155104833
 55 0.36927454888399164 0.006491096889277363 0.30076953531559414
 56 0.375765645773269 0.006491096889277363 0.09900759665492896
 57 0.3826864746897517 0.006920828916482722 0.14307048186696547
 58 0.3903442504624107 0.007657775772659044 0.2394122875541567
 59 0.39845210359265937 0.008107853130248668 0.36264876672770746
 60 0.4066465419176383 0.008194438324978978 0.3593863610354982
 61 0.41476197736000253 0.008115435442364202 0.43509501810108264
 62 0.42272631702674746 0.007964339666744947 0.355093277220885
 63 0.43054707156155336 0.007820754534805914 0.37973427599447585
 64 0.43827926284524765 0.007732191283694291 0.3182197714830675
 65 0.44596591524754764 0.00768665240229999 0.4001524456342087
 66 0.4535873129790435 0.007621397731495847 0.2869259683958049
 67 0.46118322375363996 0.007595910774596467 0.3744630871239577
 68 0.46877889054384253 0.007595666790202559 0.35703827292458745
 69 0.4762917412078477 0.0075128506640051535 0.37036812955288345
 70 0.4837267651498683 0.007435023942020624 0.35448733037235775
 71 0.49108740697564374 0.007360641825775449 0.30900580387355087
 72 0.49844070742071556 0.007353300445071807 0.3751114752177149
 73 0.5057659322221887 0.007325224801473154 0.3839533541518538
 74 0.5129843850643072 0.007218452842118527 0.29499833573769607
 75 0.5201835846893399 0.007199199625032722 0.3660363537944782
 76 0.5273807589872714 0.007197174297931522 0.4290674737296787
 77 0.534442385913803 0.0070616269265315525 0.29382817790814714
 78 0.5414475583468317 0.007005172433028682 0.42014842452537104
 79 0.5484040301099123 0.006956471763080716 0.42797970946866537
 80 0.5551834625372444 0.006779432427332065 0.2930570124988206
 81 0.5619104339465136 0.006726971409269267 0.4219867648841458
 82 0.5685900583186857 0.006679624372172089 0.4164976369758363
 83 0.575107122533712 0.006517064215026288 0.30134565846457156
 84 0.5815735310367943 0.006466408503082345 0.38690949373965466
 85 0.5880133612402116 0.0064398302034173556 0.38528570572165777
 86 0.594348409891022 0.006335048650810377 0.41168256325202357
 87 0.6005610750250853 0.006212665134063268 0.35759716870009217
 88 0.6066764804318417 0.006115405406756443 0.25089552992563746
 89 0.6128470587704156 0.006170578338573838 0.4397080496126387
 90 0.619009290088583 0.00616223131816735 0.406079289320713
 91 0.6250168044143514 0.006007514325768363 0.48956796438578615
 92 0.6308421226838294 0.005825318269478056 0.3607594895100578
 93 0.6365242853808197 0.005682162696990289 0.33725183042165197
 94 0.6421710549164916 0.005646769535671945 0.3422861256447385
 95 0.6477974195911931 0.0056263646747014215 0.33033061126767993
 96 0.6534092684512642 0.005611848860071202 0.4840345367824897
 97 0.658910500743631 0.00550123229236675 0.31799068883288484
 98 0.6643135714238649 0.0054030706802339545 0.6148808872477098
 99 0.6695571325130095 0.00524356108914458 0.3186761952260388
 100 0.6746453452950166 0.005088212782007095 0.39709023651711756
 101 0.6796919389399697 0.005046593644953111 0.310553335983805
 102 0.684703719780493 0.005011780840523295 0.3398958608309711
 103 0.689719782535953 0.005016062755459915 0.18840010937564985
 104 0.6948671594530105 0.0051473769170574234 0.2509926226929707
 105 0.7002299558897002 0.005362796436689663 0.1890863319764365
 106 0.705816172067947 0.00558621617824687 0.31708846504381866
 107 0.7115675220290123 0.005751349961065284 0.2098913437336802
 108 0.7174580678488922 0.005890545819879893 0.3620545864059517
 109 0.7234513112302395 0.005993243381347299 0.2630248671111286
 110 0.7294806315456486 0.0060293203154090855 0.38320143377463267
 111 0.7355290544944884 0.0060484229488397614 0.24256611299117725
 112 0.741621256141171 0.006092201646682698 0.3022050747949298
 113 0.7478308388362251 0.006209582695054076 0.24581030539481333
 114 0.7541558615337925 0.006325022697567435 0.3548015515389504
 115 0.7605469931468015 0.00639113161300893 0.3620500805893374
 116 0.7668810954374338 0.0063341022906322035 0.452417293343857
 117 0.7730828562280267 0.006201760790593028 0.5497775941019253
 118 0.7790295601852809 0.0059467039572542145 0.3713974300337746
 119 0.784788216998463 0.005758656813182078 0.45421091734760527
 120 0.7904182608861456 0.0056300438876826665 0.3984925371213919
 121 0.7959032216027518 0.005484960716606202 0.3918357991808656
 122 0.8012864466387967 0.005383225036044828 0.3003816540301653
 123 0.806645013528512 0.005358566889715399 0.24642178338440965
 124 0.8121041731098799 0.005459159581367917 0.22144771719027315
 125 0.8177512258185115 0.0056470527086315645 0.22673888190196748
 126 0.8236169947352232 0.005865768916711754 0.27060623727362126
 127 0.8296491977480391 0.006032203012815879 0.25354413864678405
 128 0.8358180016218488 0.006168803873809653 0.2935859945294425
 129 0.8421008457644142 0.006282844142565405 0.22932918059434396
 130 0.848532031936054 0.006431186171639744 0.25378077573760316
 131 0.8551631859991345 0.006631154063080565 0.2513388382878807
 132 0.8619692738099661 0.006806087810831532 0.29310338758912996
 133 0.8689047817810333 0.00693550797106709 0.34478275323110663
 134 0.8758613484105883 0.006956566629555015 0.2402018951567077
 135 0.882908826993612 0.007047478583023717 0.29388235916896466
 136 0.8901056516822252 0.007196824688613279 0.35641662586639544
 137 0.8973114042210109 0.007205752538785613 0.2878625644039574
 138 0.9045335654466021 0.00722216122559129 0.30039339497175754
 139 0.9118343300891506 0.007300764642548513 0.32325051734475296
 140 0.9191718933179645 0.007337563228813888 0.3459391617720988
 141 0.9264945707319658 0.007322677414001439 0.2917868425030436
 142 0.9338399059995666 0.0073453352676006965 0.25285178543983977
 143 0.9413243542362112 0.007484448236644661 0.4107467466023412
 144 0.9488212724770715 0.007496918240860249 0.27865794944092076
 145 0.9562942812277477 0.007473008750676246 0.30649429153507074
 146 0.9638533054739796 0.007559024246231932 0.4198724482138002
 147 0.9713442015198196 0.007490896045839943 0.3960514251452466
 148 0.9786730491115349 0.007328847591715226 0.2871880108973229
 149 0.9859808177688689 0.007307768657334037 0.270713257380171
 150 0.9929904088844345 0.007009591115565539 0.3242634615386313
 151 1.0 0.007009591115565539 0.20633942939679947
