 0 1.0 1.0 12085.023846017353
 2 0.37111795203317577 0.18555897601658788 7942269.423964646
 3 0.2046613024696276 0.01910232645303971 9.037545693408598
 5 0.2079281777164178 0.011184600849914952 4.214397007960149
 14 0.26502826713609434 0.008481191470110115 1.458423138023947
 23 0.32486409112433967 0.009754755239376264 1.0955199531187665
 25 0.33235298047603784 0.00862182229553721 2.1896574824156567
 29 0.3553517493473678 0.009946353614654098 2.6122672780151825
 33 0.3768918963331028 0.008074894658454193 1.1029674135248546
 38 0.40802474127923277 0.008359150072997604 1.4722153913656908
 42 0.4332654094315997 0.010731453155168257 2.3119406695448
 45 0.447884532318284 0.008990775736075377 1.1762153817442613
 48 0.46268431040854996 0.008120852636893983 1.3111459038142328
 52 0.4865016767794003 0.009671328125603123 1.6560432847727407
 60 0.5405733765284124 0.009164734029588343 1.0856948372464972
 63 0.5562616686841753 0.00862325701803843 1.381030027916213
 67 0.5809296686161274 0.0100396614403859 2.27052280635463
 71 0.6038832753723088 0.008360019354646243 1.1432381675498766
 76 0.6366126098603312 0.009499699881579992 2.3982980750912435
 80 0.661756633242243 0.010938238668066019 2.7909255278653915
 85 0.6919108149157077 0.007838504505240455 1.0339761072757194
 89 0.7187658875542047 0.011496527528153383 3.0026937367656887
 93 0.7409572896462424 0.008126247257510487 1.0585661667597448
 97 0.7658403609283571 0.010156530834900536 1.2596151534812634
 100 0.781420650995045 0.008275101317003753 1.3622198741543077
 104 0.8074947440461824 0.011081200961566175 2.7191367875176558
 107 0.8222136259824301 0.009437249980605142 1.4460535428052643
 110 0.8378883813760253 0.009326036596755008 1.1001687609142774
 113 0.8539874668619649 0.008953237149232683 1.3156484625159828
 117 0.8783916232178235 0.008865758626847017 1.07408801024309
