 1 0.18555897601658788 0.18555897601658788 0.13616018753113684
 4 0.19674357686650285 0.011184600849914952 0.31656079254805414
 6 0.20432453895397304 0.007580962087470181 0.42237322317685644
 7 0.21190550104144323 0.007580962087470181 0.4513386358329796
 8 0.21990495899785553 0.007999457956412286 0.7413547011166703
 9 0.22754861605918675 0.007643657061331203 0.8748288073912742
 10 0.23461465445152704 0.007066038392340306 0.7999262336580752
 11 0.24126457369108661 0.0066499192395595656 0.4379271902682369
 12 0.24832401826834796 0.007059444577261345 0.2749166966788373
 13 0.2565470756659842 0.008223057397636254 0.505928783682461
 15 0.2636284593920536 0.007081383726069384 0.4712722043251188
 16 0.27070984311812296 0.007081383726069384 0.42547729503815007
 17 0.27827076636365156 0.007560923245528577 0.42396043049656357
 18 0.28634946469385897 0.008078698330207426 0.8729857796223863
 19 0.2938208150834519 0.007471350389592936 0.9495279666883246
 20 0.3006155051226786 0.006794690039226653 0.7625551970815907
 21 0.3070714917396313 0.006455986616952673 0.19641646347087394
 22 0.3151093358849634 0.008037844145332155 0.22354718839073145
 24 0.32373115818050063 0.00862182229553721 0.507465283762189
 26 0.3303737565193967 0.006642598338896102 0.4837900340508316
 27 0.3370163548582928 0.006642598338896102 0.18269235427929342
 28 0.34540539573271367 0.00838904087442086 0.2514635850009829
 30 0.35280696068528644 0.007401564952572766 0.4388912016846956
 31 0.3602085256378592 0.007401564952572766 0.27702737402707217
 32 0.36881700167464865 0.00860847603678942 0.813215320691677
 34 0.3759444350904309 0.007127433415782253 0.5286312767265026
 35 0.38307186850621316 0.007127433415782253 0.286901258449567
 36 0.39130399914423963 0.008232130638026481 0.5461705064397522
 37 0.3996655912062352 0.00836159206199554 0.5913530140762948
 39 0.4066320456263289 0.006966454420093697 0.5165972569647155
 40 0.41359850004642257 0.006966454420093697 0.16884148114765143
 41 0.4225339562764314 0.008935456230008871 0.23565433700963295
 43 0.43071385642932003 0.008179900152888622 0.47012710211980346
 44 0.43889375658220864 0.008179900152888622 0.3679647416310931
 46 0.4467286071769323 0.007834850594723657 0.49611937590532385
 47 0.45456345777165597 0.007834850594723657 0.4935708483372066
 49 0.46148893334581403 0.006925475574158047 0.5343792520393886
 50 0.4684144089199721 0.006925475574158047 0.2220530425282971
 51 0.4768303486537972 0.008415939733825121 0.2942871385686873
 53 0.4847044433878321 0.007874094734034913 0.5136609260333054
 54 0.49257853812186697 0.007874094734034913 0.43605850172575966
 55 0.5009446925668493 0.008366154444982343 0.7438933186153911
 56 0.5089332753546337 0.007988582787784484 0.8573636722009312
 57 0.5163479772891396 0.007414701934505912 0.6386677552182771
 58 0.5236472795403612 0.007299302251221496 0.4343963130672222
 59 0.531408642498824 0.0077613629584629045 0.2566814443698349
 61 0.5395235270824804 0.008114884583656374 0.5215717652952743
 62 0.5476384116661368 0.008114884583656374 0.4357383123696871
 64 0.5549168178753225 0.007278406209185702 0.5196125983398884
 65 0.5621952240845083 0.007278406209185702 0.24209174946135273
 66 0.5708900071757415 0.008694783091233164 0.2872960884501926
 68 0.578569890422714 0.007679883246972602 0.43198835085949333
 69 0.5862497736696866 0.007679883246972602 0.22931215863801377
 70 0.5955232560176625 0.009273482347976028 0.9921616169146117
 72 0.6028498240570734 0.007326568039410907 0.5101723748695899
 73 0.6101763920964843 0.007326568039410907 0.3718721579183096
 74 0.6182122896706822 0.008035897574197816 0.3540620169505188
 75 0.6271129099787512 0.008900620308069032 0.4262974892831002
 77 0.6343018477255561 0.007188937746804822 0.4468903374674347
 78 0.6414907854723609 0.007188937746804822 0.1592145724000301
 79 0.650818394574177 0.00932760910181605 0.26578506216819936
 81 0.6588530887353901 0.00803469416121301 0.4055281043707648
 82 0.6668877828966031 0.00803469416121301 0.3336024579742918
 83 0.6758933065188713 0.009005523622268101 0.9558934602088273
 84 0.6840723104104672 0.008179003891596013 0.7304023902579313
 86 0.691080756612683 0.007008446202215708 0.5192606989285757
 87 0.6980892028148987 0.007008446202215708 0.15167861901698676
 88 0.7072693600260513 0.009180157211152607 0.19067546292958862
 90 0.7155940103049242 0.00832465027887282 0.37318419624545796
 91 0.7239186605837971 0.00832465027887282 0.41977262046989255
 92 0.732831042388732 0.008912381804934975 0.937276254746669
 94 0.7400627898096569 0.007231747420924968 0.5807303280694057
 95 0.7472945372305818 0.007231747420924968 0.28064723610713366
 96 0.7556838300934565 0.008389292862874743 0.2263129375889007
 98 0.7644146898857489 0.0087308597922924 0.525105064103711
 99 0.7731455496780413 0.0087308597922924 0.7720726766985123
 101 0.7801491588778868 0.007003609199845519 0.5369808814834736
 102 0.7871527680777324 0.007003609199845519 0.14453103623481
 103 0.7964135430846162 0.009260775006883798 0.24008343516709013
 105 0.8045949595432206 0.008181416458604323 0.4419779986154063
 106 0.812776376001825 0.008181416458604323 0.2887746832094708
 108 0.8206693603905476 0.007892984388722673 0.4963450578674473
 109 0.8285623447792703 0.007892984388722673 0.25586669142454643
 111 0.8367982872460012 0.00823594246673098 0.5304949952850643
 112 0.8450342297127322 0.00823594246673098 0.38883789268456864
 114 0.8526643608414632 0.007630131128730992 0.512335460417272
 115 0.8602944919701943 0.007630131128730992 0.2270665397662727
 116 0.8695258645909765 0.009231372620782264 0.7227301047944213
 118 0.8773928587586336 0.007866994167657109 0.5105959305713658
 119 0.8852598529262907 0.007866994167657109 0.7003807902457995
 120 0.8928628689789916 0.0076030160527008825 0.34318513258150424
 121 0.9013365847272093 0.008473715748217729 0.6519230521516091
 122 0.9096442198013324 0.008307635074123043 0.7905640443178844
 123 0.9174810330001539 0.007836813198821617 0.7818663958224097
 124 0.9248900693029207 0.007409036302766819 0.40867898394543895
 125 0.9328647407836079 0.00797467148068719 0.6413987018390412
 126 0.9407086012186489 0.007843860435040914 0.8603901070505066
 127 0.9479838551688727 0.007275253950223929 0.6068737156831262
 128 0.9552193961415558 0.0072355409726830855 0.3849604811670089
 129 0.9631008553467086 0.00788145920515287 0.9284420826045385
 130 0.9703007115501292 0.007199856203420527 0.7704658175924677
 131 0.9771275710586858 0.00682685950855653 0.3917320030786526
 132 0.9845380251555033 0.007410454096817562 0.6378323185332996
 133 0.9918350556047223 0.007297030449219007 0.9556716604883329
 134 0.9959175278023611 0.004082472197638853 0.0430705980822998
 135 1.0 0.004082472197638909 0.04188951718967095
