 1 0.17272859486139724 0.17272859486139724 0.08358135577111757
 4 0.18376500993478895 0.011036415073391691 0.19121911032113725
 6 0.19124603851365068 0.007481028578861742 0.2359456389080943
 7 0.19872706709251242 0.007481028578861742 0.22846232683393328
 8 0.20647032052636496 0.007743253433852533 0.3096173689777541
 9 0.2143768544630808 0.007906533936715844 0.4238996567174069
 10 0.2222044206809731 0.007827566217892283 0.7053820646592369
 11 0.22964132350233288 0.007436902821359785 0.7801812272766626
 12 0.23649502294927055 0.00685369944693768 0.5951850511529295
 13 0.2428650513122105 0.0063700283629399505 0.23958729055463474
 14 0.24914535540173635 0.006280304089525851 0.09125241548508141
 15 0.2559455491332393 0.0068001937315029775 0.03150150536411744
 16 0.26409076947450993 0.008145220341270654 0.0431199874423274
 17 0.27421535438524947 0.010124584910739538 0.3123421849562331
 19 0.2804691967787416 0.006253842393492139 0.18355886707144126
 20 0.28672303917223374 0.006253842393492139 0.04984238538083823
 21 0.2937951881619 0.007072148989666234 0.029388932613508185
 22 0.30255327516236613 0.008758087000466142 0.07545577778321236
 23 0.31317927529138345 0.010626000129017344 0.8394917798097865
 25 0.31887063403931193 0.005691358747928464 0.16923490124602691
 26 0.3245619927872404 0.005691358747928464 0.05846974610875339
 27 0.3309729791115255 0.006410986324285081 0.045517441191516864
 28 0.3386813742161516 0.007708395104626084 0.05195692638963895
 29 0.34800407883226614 0.009322704616114539 0.36791040542345643
 31 0.35488995746582735 0.006885878633561237 0.22009986657892883
 32 0.36177583609938857 0.006885878633561237 0.12106874754462163
 33 0.36915843185542446 0.007382595756035897 0.17126499812107226
 34 0.37717333151893506 0.008014899663510608 0.19532101447790035
 35 0.3856693376495742 0.008496006130639092 0.2941640327810217
 37 0.3924573083773097 0.006787970727735519 0.2510999755225159
 38 0.3992452791050452 0.006787970727735519 0.10235513303301645
 39 0.4065360497781254 0.0072907706730801864 0.05239815030596644
 40 0.41500278651344447 0.008466736735319079 0.11650240214765202
 41 0.42477209983452785 0.009769313321083363 0.48107826687127603
 43 0.4320352442238812 0.007263144389353335 0.31828076003250555
 44 0.4392983886132345 0.007263144389353335 0.2450110202997879
 45 0.44667861564613526 0.007380227032900755 0.18440275533915876
 46 0.45438523778284307 0.007706622136707796 0.14619662048842919
 47 0.46264298270117554 0.008257744918332505 0.15551089366951443
 48 0.47156686755977184 0.008923884858596274 0.6117181256428338
 50 0.478674083670192 0.007107216110420151 0.23998904934387094
 51 0.48578129978061213 0.007107216110420151 0.19757200150928186
 52 0.49318495442540683 0.0074036546447947185 0.15139387106702076
 53 0.5010770022948875 0.007892047869480648 0.1162766769497741
 54 0.5097152704953894 0.008638268200501937 0.22653107643464307
 55 0.5189820249966919 0.009266754501302437 0.6264731602413554
 57 0.5255616150738557 0.0065795900771637855 0.30670342325783884
 58 0.5321412051510195 0.0065795900771637855 0.11001430256048579
 59 0.5391127370555113 0.0069715319044918005 0.0470889321701828
 60 0.5472227024262172 0.008109965370705857 0.03832933702845209
 61 0.5571630240205058 0.009940321594288558 0.2918969096080048
 63 0.5650025587588311 0.007839534738325368 0.21270593731961004
 64 0.5728420934971564 0.007839534738325368 0.39146681570104924
 65 0.5807819285324406 0.007939835035284122 0.33757585063240425
 66 0.5886397688091671 0.00785784027672653 0.35346908402184946
 67 0.5964562638263076 0.00781649501714046 0.3765053926358935
 68 0.6041893163791552 0.007733052552847621 0.22491369928541124
 69 0.6120147162475581 0.00782539986840294 0.37369576455988424
 70 0.6199365324351918 0.007921816187633709 0.2925782788429361
 71 0.6278511829359309 0.00791465050073917 0.272914625439762
 72 0.6358839129889627 0.008032730053031883 0.3428782239089331
 73 0.6439720745618424 0.008088161572879619 0.24215742533244522
 74 0.6521648839297994 0.008192809367957092 0.5201868993756923
 75 0.6602925340822654 0.00812765015246593 0.4132204781544717
 76 0.668142981687034 0.007850447604768615 0.522149661997634
 77 0.6757242537468001 0.007581272059766134 0.294995430952309
 78 0.6831699749671343 0.007445721220334143 0.14673518274808325
 79 0.6909616497619006 0.0077916747947662825 0.16220228304565287
 80 0.6993626343690676 0.008400984607167048 0.137621689930728
 81 0.7084496183093214 0.009086983940253781 0.41807081498335663
 82 0.7178245217039751 0.00937490339465369 0.832989404988241
 84 0.7238179053974633 0.0059933836934881165 0.24939915498233364
 85 0.7298112890909514 0.0059933836934881165 0.06752760530098545
 86 0.7363858710828872 0.006574581991935858 0.02866143478242079
 87 0.7444165239225764 0.008030652839689201 0.07391674712328097
 88 0.7541819788261117 0.00976545490353535 0.21364384040693493
 89 0.7649288587654841 0.010746879939372357 0.606595897016
 91 0.7719957516759222 0.007066892910438016 0.22059547558729722
 92 0.7790626445863602 0.007066892910438016 0.0904649453683668
 93 0.7867494728655717 0.007686828279211502 0.11762897834965953
 94 0.7953769391042312 0.008627466238659502 0.32747637173869565
 95 0.8044580409754788 0.009081101871247594 0.448820085183945
 96 0.8133977023262005 0.008939661350721684 0.5215930484022357
 97 0.8219957125587553 0.008598010232554817 0.49801501703822104
 98 0.8302222540122228 0.008226541453467556 0.45987036028925
 99 0.8381430772289236 0.007920823216700727 0.5894509819014321
 100 0.845705564708496 0.007562487479572398 0.37770080898454195
 101 0.8529973119179436 0.007291747209447617 0.3183193938737825
 102 0.8602479470899812 0.007250635172037557 0.23807286438940228
 103 0.8676260074527069 0.0073780603627256625 0.38085225852064536
 104 0.8750667084682403 0.007440701015533432 0.3984021054789376
 105 0.8823798693048991 0.007313160836658733 0.3083507435882174
 106 0.8896439690359351 0.007264099731036021 0.39332809004817687
 107 0.8968639624530254 0.007219993417090189 0.45191253650658075
 108 0.9039042743511337 0.007040311898108404 0.3060609735370067
 109 0.9108560196011705 0.0069517452500367 0.3365361103987539
 110 0.9178222343861754 0.006966214785004879 0.43718348821507824
 111 0.9246795987051103 0.006857364318934902 0.28317890972367976
 112 0.9314883268933299 0.006808728188219641 0.3229787243542755
 113 0.9383518836724583 0.006863556779128363 0.43987436444129674
 114 0.9451200215052417 0.006768137832783408 0.2633930504313961
 115 0.9518624685125172 0.006742447007275566 0.37679967372395157
 116 0.9586315040094856 0.006769035496968388 0.4163401860695162
 117 0.9652734308370537 0.006641926827568151 0.229605377126018
 118 0.9719540629040152 0.0066806320669615 0.4381889497319183
 119 0.978656463355586 0.006702400451570749 0.35141592254754417
 120 0.9852391234931137 0.006582660137527689 0.273022528423375
 121 0.9918589319611527 0.00661980846803899 0.4889113504781113
 122 0.9959294659805764 0.004070534019423644 0.028400166869677876
 123 1.0 0.004070534019423588 0.03850970989374015
